predicted_label,prediction_0_weight,prediction_1_weight,prediction_2_weight
1,1.3889902e-05,0.9999796,6.4649016e-06
2,1.2120701e-05,4.06973e-06,0.9999838
1,5.441601e-06,0.99999213,2.4151586e-06
2,5.486681e-06,4.2491815e-06,0.9999902
1,9.506916e-06,0.9999827,7.726422e-06
0,0.9999939,4.4192248e-06,1.6839937e-06
1,4.915625e-06,0.99999094,4.1461035e-06
1,5.2411106e-06,0.9999927,2.0136913e-06
0,0.9999943,1.7552034e-06,3.9241104e-06
1,2.1365488e-05,0.9988896,0.001089029
1,5.332969e-06,0.99999154,3.084088e-06
1,0.37706152,0.62289304,4.548884e-05
1,4.397339e-06,0.9999932,2.386398e-06
1,6.6784446e-06,0.99999094,2.3764721e-06
1,5.2290134e-06,0.9999927,2.071057e-06
1,0.00037994437,0.7511311,0.24848896
1,0.00010296396,0.9991115,0.00078554725
0,0.99997926,4.891242e-06,1.5805454e-05
1,4.1511803e-06,0.99999106,4.776143e-06
0,0.99986494,0.000120877434,1.4156668e-05
1,3.3683525e-06,0.9999932,3.3981007e-06
1,4.5032893e-06,0.99999225,3.2082526e-06
0,0.9799329,0.020059332,7.759447e-06
0,0.9999956,2.3843925e-06,2.0705374e-06
1,0.00025417708,0.9997327,1.3169094e-05
2,1.3199578e-05,0.0041959654,0.99579084
1,5.222519e-06,0.9999926,2.1915937e-06
1,1.1403284e-05,0.9999845,4.076566e-06
1,4.017049e-06,0.9999789,1.7128874e-05
1,4.0784334e-06,0.99999344,2.4622868e-06
2,0.28057975,0.00080157566,0.71861863
0,0.9999018,2.615188e-06,9.565308e-05
1,7.347918e-06,0.9999876,5.102896e-06
0,0.999972,1.909796e-05,8.988553e-06
1,4.8530474e-06,0.9999914,3.6859387e-06
1,5.028747e-06,0.99999297,2.022487e-06
0,0.99999535,1.9058243e-06,2.7418284e-06
2,1.1286633e-05,7.253588e-05,0.9999161
2,3.762075e-06,4.2109623e-06,0.999992
0,0.9999932,1.5169633e-06,5.249602e-06
1,1.0816732e-05,0.9999871,2.040051e-06
1,8.257743e-06,0.9999845,7.221101e-06
0,0.9999918,6.6034645e-06,1.6477502e-06
2,4.681288e-06,4.922092e-06,0.99999046
0,0.99998987,8.065034e-06,2.043973e-06
1,2.5342904e-06,0.9999926,4.814157e-06
1,5.554883e-06,0.99999213,2.2713145e-06
2,1.0632985e-05,3.6573242e-06,0.9999857
2,3.3647625e-06,5.6551485e-06,0.99999106
1,3.0146036e-06,0.9999901,6.848318e-06
1,3.7316927e-06,0.9999943,1.9648576e-06
1,6.653486e-06,0.99999094,2.439066e-06
2,5.560114e-06,7.140444e-06,0.99998724
2,2.087947e-06,2.52595e-05,0.9999726
0,0.99999094,6.338897e-06,2.795206e-06
2,1.1149187e-05,1.517234e-05,0.99997365
0,0.9999875,3.994083e-06,8.473717e-06
1,2.1891237e-05,0.9999727,5.382158e-06
1,8.45739e-06,0.9999558,3.5751826e-05
0,0.99999464,3.3823374e-06,1.977645e-06
1,5.644278e-06,0.99999166,2.6879943e-06
1,0.02739648,0.97244465,0.00015890693
1,5.5074265e-06,0.99999046,3.970999e-06
1,4.883395e-06,0.9999901,4.9917408e-06
2,4.275658e-06,4.1817657e-06,0.99999154
2,5.3780664e-06,6.145712e-06,0.99998844
2,3.46487e-06,4.5913057e-06,0.9999919
1,3.1543786e-06,0.99999464,2.2402774e-06
1,1.04678875e-05,0.99448496,0.005504613
1,7.1011304e-06,0.99999,2.9373375e-06
1,5.8521323e-06,0.99999106,3.1204554e-06
2,2.8339582e-06,6.693183e-06,0.99999046
1,4.230119e-06,0.9999906,5.135308e-06
2,6.1967105e-05,1.7410846e-05,0.9999206
1,0.00065345026,0.9993438,2.7120893e-06
1,1.1742539e-05,0.9999852,3.094548e-06
1,4.7699737e-06,0.99999166,3.5564763e-06
0,0.99999535,1.9572963e-06,2.7166257e-06
2,4.7230205e-05,0.3117669,0.6881858
0,0.9999945,2.8688446e-06,2.6303137e-06
0,0.9999956,2.1054796e-06,2.303272e-06
1,4.077175e-06,0.9999939,2.0602993e-06
1,9.927304e-06,0.9999887,1.444324e-06
1,6.3995803e-06,0.99998474,8.799482e-06
1,1.3639843e-05,0.9999745,1.1869096e-05
0,0.9999939,2.0216019e-06,4.0778755e-06
1,0.00011315245,0.6845186,0.31536832
1,2.1309083e-05,0.9999,7.866333e-05
1,8.027582e-06,0.9999864,5.5624905e-06
1,4.5493034e-06,0.99999297,2.4950814e-06
1,3.213626e-06,0.9999454,5.1429102e-05
1,4.666755e-06,0.9999931,2.193144e-06
2,4.902055e-06,3.9078304e-06,0.9999912
1,8.270955e-06,0.99998856,3.1470279e-06
0,0.9999951,2.123822e-06,2.7438132e-06
2,5.0817534e-06,1.2692933e-05,0.99998224
1,2.3578696e-05,0.9997726,0.0002037889
1,1.1526219e-05,0.99998534,3.1139448e-06
1,4.426625e-06,0.99999344,2.1050694e-06
1,8.9557245e-05,0.69432694,0.30558354
2,8.437741e-06,1.304324e-05,0.99997854
0,0.99999356,4.545095e-06,1.8981555e-06
1,0.00014826478,0.9757646,0.024087189
1,5.669928e-06,0.999992,2.3439388e-06
1,3.913623e-06,0.9999932,2.867596e-06
1,4.612075e-06,0.9999925,2.9291177e-06
1,4.6117284e-06,0.99999356,1.82002e-06
1,9.7968616e-05,0.99971026,0.00019174555
1,3.0300407e-06,0.9999937,3.3376632e-06
1,4.8702263e-06,0.9999926,2.564922e-06
1,9.041857e-06,0.9999862,4.8226725e-06
1,5.4367742e-06,0.9999926,1.9739255e-06
0,0.999992,5.8608225e-06,2.1206342e-06
1,0.002448136,0.9971891,0.00036280547
0,0.99997795,2.0874098e-05,1.1926113e-06
1,9.10058e-06,0.9999863,4.5557244e-06
1,9.8773135e-06,0.9999784,1.1666611e-05
1,7.855821e-06,0.99999,2.1989174e-06
1,1.7086599e-05,0.9999777,5.251549e-06
1,7.985923e-06,0.9999876,4.394569e-06
1,4.593451e-06,0.99999166,3.7617435e-06
2,9.814606e-06,2.9996827e-05,0.9999602
1,5.16265e-06,0.99998975,5.0823046e-06
2,5.1028373e-06,4.4637472e-06,0.99999046
1,0.00020977476,0.99960774,0.00018245565
2,4.5547577e-06,3.9045867e-06,0.99999154
1,8.42694e-06,0.9999862,5.3696135e-06
0,0.999985,1.0051435e-05,4.9617806e-06
1,5.1746897e-06,0.9994068,0.00058806554
1,3.0864252e-05,0.99991906,5.0099974e-05
1,1.6482343e-05,0.99997795,5.549187e-06
1,6.9697235e-06,0.9999902,2.863953e-06
0,0.99999166,4.4076396e-06,3.937509e-06
0,0.9999764,2.2097212e-05,1.5124613e-06
1,8.453605e-06,0.9999896,1.889859e-06
2,5.5462926e-05,7.1021796e-06,0.9999374
1,0.00024741332,0.81222147,0.18753114
1,1.5488116e-05,0.9999809,3.633302e-06
0,0.9999957,2.4608069e-06,1.8454879e-06
1,3.7422005e-06,0.9999938,2.4001072e-06
2,0.025180288,0.002727728,0.9720919
1,4.7105063e-06,0.99999285,2.4594035e-06
1,0.0031392532,0.9968562,4.4944572e-06
2,8.751088e-06,0.0146839395,0.9853072
1,9.336091e-06,0.9999782,1.253735e-05
0,0.9999938,1.8005621e-06,4.3681007e-06
0,0.9998123,0.0001858997,1.7725213e-06
1,4.7639132e-06,0.99999344,1.7500705e-06
1,3.3417742e-05,0.99996245,4.177025e-06
0,0.99999297,3.097873e-06,3.9581123e-06
0,0.9999893,7.1391582e-06,3.517019e-06
2,2.3360872e-06,0.00030834734,0.99968934
1,7.400394e-06,0.9999895,3.0614094e-06
1,1.2492922e-05,0.9999826,4.8979246e-06
1,4.3313867e-05,0.9999498,6.86856e-06
1,4.4731687e-06,0.9999751,2.0381762e-05
1,6.5562303e-06,0.99999046,2.9930136e-06
2,2.2727598e-05,3.8629596e-06,0.9999734
1,4.608854e-06,0.9999919,3.5394983e-06
1,2.825374e-06,0.9999932,4.020701e-06
1,3.8316243e-06,0.9999938,2.3690748e-06
1,2.5411568e-05,0.9999571,1.7501947e-05
1,6.381442e-05,0.9999325,3.6126721e-06
1,3.7037207e-06,0.9999919,4.4371045e-06
1,4.1822077e-06,0.9999932,2.652194e-06
2,2.9920639e-06,4.485225e-06,0.9999925
0,0.97586334,0.024130678,6.012953e-06
1,1.785932e-05,0.99997544,6.7387414e-06
1,5.857906e-06,0.9999912,2.956268e-06
1,0.0015996954,0.99838674,1.36301405e-05
1,7.250403e-06,0.9999887,4.0821456e-06
1,4.626961e-06,0.9999914,3.91378e-06
1,2.3745908e-06,0.99999344,4.1620797e-06
1,2.499262e-06,0.99999344,4.0590635e-06
2,0.00016966219,0.4505212,0.54930913
0,0.99999416,2.278144e-06,3.5838252e-06
1,1.5600699e-05,0.9999738,1.0678965e-05
1,3.9553597e-05,0.9999559,4.551139e-06
1,4.6363098e-06,0.99999297,2.3809457e-06
1,3.9206643e-06,0.99999225,3.798687e-06
1,1.5351949e-05,0.9999746,9.980922e-06
1,3.0070792e-06,0.9999839,1.3062854e-05
1,1.3087753e-05,0.99997795,8.9323175e-06
1,3.7900259e-06,0.99999464,1.6231032e-06
0,0.9999927,5.059726e-06,2.2654017e-06
1,4.0020523e-06,0.99999344,2.545386e-06
1,3.6758843e-06,0.9999894,6.9306184e-06
1,4.543145e-06,0.9999927,2.7000237e-06
0,0.9999815,5.892527e-06,1.2610275e-05
1,9.461275e-06,0.9999844,6.1739665e-06
1,4.70979e-06,0.9999933,1.966344e-06
0,0.9999486,4.707081e-05,4.295997e-06
1,5.232347e-06,0.9999931,1.6823549e-06
1,8.726333e-06,0.99996936,2.192516e-05
1,2.932177e-06,0.9999502,4.693327e-05
2,7.554554e-06,0.0009887496,0.9990037
1,4.7382605e-06,0.9999919,3.312072e-06
0,0.9999949,1.8832372e-06,3.1963505e-06
1,1.4511412e-05,0.9999802,5.2664777e-06
0,0.9999912,7.221893e-06,1.5133797e-06
1,5.031433e-06,0.9999927,2.2585634e-06
0,0.99997747,2.093046e-05,1.5960632e-06
1,3.556094e-05,0.999835,0.0001293858
1,5.7166144e-06,0.9999925,1.818474e-06
1,1.004038e-05,0.99998593,4.0225436e-06
2,6.739861e-06,0.00074502826,0.9992482
2,1.2848925e-05,5.7738666e-06,0.9999814
1,1.1194158e-05,0.99998593,2.9213988e-06
1,9.914402e-06,0.99997175,1.8287517e-05
0,0.9999944,1.8091383e-06,3.8216563e-06
1,7.198232e-06,0.9999893,3.557214e-06
1,1.2684333e-05,0.9999845,2.802138e-06
1,0.0010230612,0.9989729,4.0043674e-06
2,8.932608e-06,3.5320645e-06,0.9999875
1,1.0341355e-05,0.99997616,1.3527074e-05
2,8.293831e-06,4.675192e-05,0.9999449
2,4.450216e-06,5.614259e-06,0.99999
1,4.0632344e-06,0.9999943,1.6117131e-06
1,5.413349e-06,0.99999285,1.7295107e-06
1,4.1243065e-06,0.9999821,1.3806195e-05
2,3.0569154e-06,1.7232012e-05,0.9999796
1,1.0840112e-05,0.9999727,1.6448197e-05
2,3.522425e-06,3.3424232e-05,0.99996305
1,3.9120505e-06,0.9999938,2.2890192e-06
1,7.5718835e-06,0.9999908,1.6370414e-06
0,0.99999464,3.7322882e-06,1.7044483e-06
1,5.6246827e-06,0.9999833,1.104145e-05
2,0.00025546827,3.0578332e-05,0.99971384
1,5.489689e-06,0.9999919,2.6250816e-06
1,2.9557661e-06,0.99998164,1.5433321e-05
1,1.9566827e-05,0.99997413,6.335014e-06
1,5.888689e-06,0.9999919,2.20404e-06
0,0.9999827,1.5688149e-05,1.5880638e-06
0,0.99999416,2.8175518e-06,2.9222838e-06
1,4.102877e-06,0.99999404,1.8640629e-06
0,0.9999943,3.2068822e-06,2.5358852e-06
1,4.7423546e-06,0.9999896,5.677956e-06
1,4.434342e-06,0.9999938,1.7252506e-06
1,6.2391377e-06,0.9999869,6.9050166e-06
2,2.6836615e-06,8.074556e-06,0.99998915
2,2.3151879e-06,1.9541676e-05,0.9999782
2,5.0092863e-06,9.472364e-06,0.9999856
1,3.7649695e-06,0.99999344,2.760009e-06
1,3.4599886e-06,0.9999888,7.795547e-06
2,0.0006038416,9.628155e-06,0.9993864
2,8.225908e-06,2.0912368e-05,0.9999709
0,0.9999951,2.746172e-06,2.1480457e-06
1,0.0014663198,0.99852484,8.855567e-06
0,0.99999475,2.1842955e-06,3.1141467e-06
0,0.9994172,0.0005686231,1.4204248e-05
0,0.9999957,2.480911e-06,1.8418307e-06
1,3.69238e-06,0.99999416,2.1037383e-06
2,4.549654e-06,1.4018532e-05,0.9999814
1,4.094504e-06,0.99999404,1.8348728e-06
1,4.4569492e-06,0.9999912,4.401203e-06
1,2.7669064e-06,0.9999945,2.7499336e-06
1,1.1186006e-05,0.99998224,6.61358e-06
1,3.978251e-06,0.9999926,3.4347102e-06
1,4.7321673e-06,0.9999888,6.470266e-06
1,5.5061657e-05,0.999803,0.00014198969
1,4.430838e-06,0.9999882,7.421092e-06
1,0.002619986,0.9916054,0.005774632
1,3.7685495e-06,0.99999106,5.162081e-06
1,4.8262236e-06,0.99999356,1.6507354e-06
1,9.71356e-05,0.99975985,0.00014298667
0,0.9999945,3.583755e-06,1.9406777e-06
0,0.9999901,1.5889739e-06,8.369212e-06
1,6.1437677e-06,0.99999154,2.2751765e-06
1,1.545775e-05,0.9999659,1.8584893e-05
1,2.6743548e-05,0.9999689,4.3858367e-06
0,0.9999939,4.3531927e-06,1.6680771e-06
1,3.2115342e-06,0.99999046,6.2914537e-06
2,0.00011224421,2.0480315e-05,0.9998672
2,5.0788967e-06,6.5193485e-06,0.9999883
1,6.777698e-06,0.99998915,4.0987893e-06
2,5.3164375e-05,0.3248206,0.67512614
1,9.248007e-06,0.99998486,5.8466235e-06
0,0.9999958,2.0471766e-06,2.10035e-06
1,1.26886835e-05,0.99998116,6.1440737e-06
1,1.0174832e-05,0.99998546,4.381904e-06
1,3.4988748e-06,0.9999944,2.083847e-06
2,9.680567e-06,1.2279234e-05,0.99997807
1,5.4561915e-06,0.99997866,1.5838337e-05
2,3.2742817e-05,0.00011583698,0.99985135
1,4.8441157e-06,0.9999927,2.3951518e-06
2,2.0986633e-06,8.151871e-06,0.99998975
1,3.4636446e-06,0.9999939,2.6182988e-06
1,3.068307e-06,0.9999933,3.626199e-06
1,2.574466e-06,0.9999913,6.109149e-06
0,0.9999939,4.3124337e-06,1.7502149e-06
1,3.5480944e-06,0.9999943,2.1445437e-06
2,1.6648753e-05,6.297812e-05,0.99992037
0,0.99999285,5.1197057e-06,2.0172745e-06
1,9.219609e-06,0.999984,6.7839433e-06
1,3.8903513e-06,0.9999734,2.2738914e-05
1,2.5723999e-05,0.9999651,9.2280725e-06
1,2.013691e-05,0.99997485,5.063632e-06
2,5.407223e-06,0.00089615374,0.99909854
1,3.5880428e-06,0.9999914,4.9715654e-06
1,5.6648128e-06,0.99996483,2.9452649e-05
0,0.99999106,5.4100515e-06,3.5280102e-06
0,0.99999154,2.2586685e-06,6.254132e-06
2,5.1536167e-06,8.3023115e-06,0.9999865
1,5.466622e-06,0.9999925,2.050546e-06
1,2.9899597e-06,0.99999285,4.137134e-06
0,0.99999523,1.94119e-06,2.8357185e-06
1,4.5331494e-06,0.99999297,2.5271952e-06
0,0.99995184,4.7059202e-05,1.0734373e-06
2,7.813693e-05,0.00019583019,0.999726
1,5.095917e-06,0.99999225,2.6189489e-06
1,3.7718899e-06,0.99999404,2.2243987e-06
2,1.42005265e-05,5.790009e-06,0.99998
1,5.4816305e-06,0.9999887,5.8517e-06
0,0.99998283,1.6012713e-05,1.2466701e-06
1,2.1435426e-06,0.9999937,4.1295652e-06
0,0.9999944,2.420945e-06,3.1641034e-06
0,0.99998724,1.1010497e-05,1.8181331e-06
0,0.9999924,6.345505e-06,1.3474588e-06
1,0.09209364,0.9078548,5.1571955e-05
1,6.4192313e-06,0.9999913,2.3271675e-06
1,0.023046786,0.9746689,0.0022842353
2,4.8646607e-06,5.351724e-06,0.99998975
1,4.6036635e-05,0.981556,0.018397951
2,4.5371457e-06,4.250272e-06,0.9999912
2,0.00020146562,0.06079689,0.9390017
1,0.020848187,0.9791027,4.9124592e-05
0,0.9999938,1.4808138e-06,4.788713e-06
1,1.7147788e-05,0.9999782,4.6549158e-06
1,5.5567316e-06,0.99999106,3.330494e-06
1,0.0030138425,0.9969798,6.328078e-06
2,1.5088285e-05,0.00022791314,0.999757
1,3.2735397e-06,0.9999914,5.3199747e-06
1,7.010435e-06,0.99998844,4.607212e-06
0,0.9999939,2.918952e-06,3.2746875e-06
1,4.7094272e-06,0.99999356,1.7702373e-06
1,3.5584637e-06,0.9999933,3.066833e-06
0,0.99998546,1.2796248e-05,1.7607119e-06
2,2.984272e-06,1.2449774e-05,0.9999846
1,3.2608832e-06,0.9999924,4.3596465e-06
1,7.4070726e-06,0.9999875,5.125037e-06
1,4.579001e-06,0.99999094,4.4567564e-06
0,0.99999213,4.6058667e-06,3.2290202e-06
1,0.0010985503,0.9988965,4.9563564e-06
1,5.2296627e-06,0.99999297,1.7485548e-06
0,0.99999404,3.4844215e-06,2.4708836e-06
1,8.485482e-06,0.99998724,4.258991e-06
2,5.570135e-06,3.146232e-06,0.9999913
1,7.4391655e-06,0.99998593,6.682622e-06
2,7.2330054e-06,3.2550358e-06,0.9999895
2,1.2962725e-05,0.00069382094,0.9992932
1,2.4480648e-06,0.99998856,9.019754e-06
2,0.0021180443,0.00012380266,0.9977582
1,1.38676405e-05,0.9999006,8.5535474e-05
1,1.1071787e-05,0.99997663,1.2282683e-05
1,3.6886422e-06,0.99999416,2.1252424e-06
1,9.977653e-06,0.9999863,3.6894508e-06
1,1.11543695e-05,0.99998534,3.557166e-06
1,3.893627e-06,0.9999939,2.2422466e-06
1,5.8043065e-06,0.9999887,5.5606256e-06
2,4.5084275e-06,3.60936e-06,0.9999919
1,2.9886949e-06,0.9999931,3.888825e-06
0,0.99999344,3.67503e-06,2.8058828e-06
1,4.5574184e-06,0.9999938,1.6178923e-06
2,3.698295e-06,3.6810707e-06,0.9999926
1,0.00010682498,0.9687866,0.03110657
1,8.045618e-06,0.9999895,2.447768e-06
0,0.99999535,2.4444842e-06,2.2003094e-06
2,1.9312924e-05,0.0011519002,0.9988288
1,5.6347e-06,0.9999926,1.7595428e-06
0,0.66763353,0.33232793,3.855423e-05
1,7.0893248e-06,0.99999034,2.5264321e-06
1,8.2545994e-05,0.9998951,2.2297165e-05
0,0.99999475,2.9157159e-06,2.3553443e-06
1,2.3779063e-05,0.99996996,6.2270665e-06
0,0.9908246,0.009167059,8.350516e-06
0,0.9999933,3.4033683e-06,3.217417e-06
0,0.99990606,9.1562906e-05,2.3392604e-06
1,8.541436e-06,0.99998987,1.6351081e-06
1,5.0701155e-06,0.9999926,2.2646755e-06
1,2.4175137e-05,0.9999621,1.3726503e-05
1,8.543394e-05,0.99960834,0.00030626074
2,4.6174146e-06,5.5266905e-06,0.99998987
1,1.6231132e-05,0.99998116,2.5547781e-06
0,0.9999951,3.377446e-06,1.5900991e-06
1,1.7087108e-05,0.9997242,0.00025866283
1,7.1725667e-06,0.99998784,5.0198473e-06
0,0.9999951,1.7504524e-06,3.1452362e-06
1,0.3665789,0.633285,0.00013608678
1,3.4659627e-06,0.99999344,3.1454076e-06
1,4.9531523e-06,0.99998677,8.23435e-06
2,2.56548e-06,4.7038216e-06,0.9999927
1,5.08624e-06,0.9999931,1.7805529e-06
1,7.2105645e-06,0.9999901,2.651321e-06
0,0.99999464,2.1937058e-06,3.272121e-06
1,9.020775e-06,0.9999846,6.3940283e-06
1,2.2480745e-05,0.9999702,7.346487e-06
2,1.0730459e-05,0.000441717,0.99954754
0,0.99999475,2.1312371e-06,3.066258e-06
2,3.1703448e-06,0.00014789664,0.99984884
1,6.2525173e-06,0.999966,2.776376e-05
1,6.551251e-06,0.99990404,8.946104e-05
1,6.362481e-06,0.99998426,9.376631e-06
0,0.99999356,2.1177414e-06,4.343223e-06
0,0.9999939,3.4311886e-06,2.6634652e-06
2,0.005792164,0.00022871624,0.9939791
1,1.3855396e-05,0.99998236,3.7918412e-06
1,2.2726822e-06,0.9999875,1.0263363e-05
1,5.067982e-06,0.9999914,3.4964191e-06
1,5.9339723e-06,0.99999046,3.6515703e-06
0,0.99999535,2.023916e-06,2.5651173e-06
2,2.0267764e-05,8.769438e-06,0.9999709
1,3.4597656e-06,0.99999297,3.6241888e-06
1,7.733474e-06,0.99982303,0.00016923458
1,9.792149e-06,0.99998784,2.3096484e-06
1,6.94738e-06,0.9999902,2.852858e-06
1,4.2753427e-06,0.99999404,1.7313132e-06
0,0.97664285,8.238301e-05,0.023274776
1,9.464355e-06,0.9999865,4.036842e-06
1,2.7218075e-06,0.99995637,4.094926e-05
1,9.1911315e-06,0.99995756,3.3256012e-05
1,1.0953662e-05,0.99998295,6.14841e-06
1,1.5434556e-05,0.9996573,0.0003272371
2,3.7905897e-06,4.3670548e-06,0.9999918
1,4.9082623e-06,0.9999882,6.8451577e-06
1,2.663904e-05,0.99997115,2.1560536e-06
1,1.1388832e-05,0.9999838,4.869301e-06
0,0.999995,2.7733747e-06,2.2822169e-06
2,4.516883e-06,3.7141406e-06,0.9999918
1,7.150155e-06,0.9999902,2.6497844e-06
1,0.0002792771,0.9997174,3.2929458e-06
2,6.1078363e-06,0.00027086693,0.999723
1,2.844534e-05,0.99995446,1.7100156e-05
1,0.00018195108,0.97612256,0.023695445
0,0.99999535,1.8471317e-06,2.8694406e-06
1,0.00010381316,0.9996792,0.00021696319
1,0.0027416486,0.9972531,5.2761015e-06
0,0.99999416,2.54124e-06,3.2848977e-06
0,0.9999933,3.577959e-06,3.1446068e-06
1,4.283185e-06,0.9999727,2.3033304e-05
1,8.050145e-06,0.9999893,2.6755074e-06
1,1.1196908e-05,0.9999846,4.1326202e-06
0,0.99799085,0.0019984718,1.0704503e-05
1,6.49106e-06,0.9999913,2.2175725e-06
1,5.9413746e-06,0.99998784,6.176662e-06
1,5.051123e-06,0.9999933,1.6473975e-06
0,0.9998373,0.00016038051,2.2757738e-06
2,2.9716368e-06,0.00012493478,0.9998721
1,0.0048971586,0.99508,2.289201e-05
1,1.0062906e-05,0.99998784,2.0385103e-06
0,0.9999932,4.1352732e-06,2.575522e-06
1,8.279111e-06,0.9999863,5.3760755e-06
2,9.782005e-06,0.00393593,0.9960543
1,2.7351043e-05,0.99996173,1.0903882e-05
0,0.9999951,2.3891987e-06,2.5197646e-06
1,8.392692e-06,0.99998784,3.7488724e-06
1,0.4991085,0.5006809,0.0002106032
1,4.1978255e-06,0.9999918,4.020381e-06
1,4.2324505e-06,0.9999931,2.6814437e-06
1,3.3783817e-06,0.9999945,2.151616e-06
1,2.0478194e-05,0.9999726,6.963947e-06
1,4.27205e-06,0.9999846,1.1105524e-05
1,7.376903e-06,0.9999877,4.9030855e-06
1,5.6232325e-06,0.9999924,2.0505304e-06
1,8.189697e-06,0.99998987,2.0002608e-06
0,0.99999166,5.467504e-06,2.8845259e-06
0,0.9999895,2.9520568e-06,7.47778e-06
1,1.798893e-05,0.99997675,5.2391774e-06
1,3.1468428e-06,0.9999927,4.139e-06
1,3.5352969e-06,0.9999925,3.925248e-06
1,2.668589e-06,0.99999225,5.0895155e-06
1,6.0470243e-06,0.99998784,6.053556e-06
1,5.335902e-06,0.9999682,2.6499043e-05
1,1.803453e-05,0.9994893,0.0004925935
1,9.9288745e-06,0.9999685,2.157454e-05
1,3.459581e-06,0.99999404,2.5262727e-06
1,4.927843e-06,0.99999285,2.2055815e-06
0,0.99999285,1.9439015e-06,5.1944953e-06
1,4.0007703e-06,0.9999925,3.4571385e-06
2,4.0813748e-06,4.5741626e-06,0.9999914
2,6.6086664e-06,3.7987459e-06,0.9999896
1,5.0926124e-06,0.99999213,2.7311041e-06
1,7.732943e-06,0.99998903,3.1831964e-06
1,1.2053842e-05,0.9999703,1.7652104e-05
1,4.3142463e-06,0.99999356,2.1495896e-06
0,0.9999943,1.7788627e-06,3.92221e-06
0,0.9999813,1.7232042e-05,1.4812118e-06
1,4.664774e-06,0.9999424,5.2954005e-05
2,6.0170546e-06,3.1576235e-06,0.99999094
1,5.92847e-06,0.9999802,1.3836127e-05
2,9.499102e-06,1.08193035e-05,0.9999796
2,3.4789152e-06,5.7092057e-06,0.9999908
2,5.762347e-06,6.2918643e-06,0.99998796
1,8.403939e-06,0.9999881,3.5029288e-06
1,5.8465753e-06,0.9999927,1.4498086e-06
1,5.1359016e-06,0.9999926,2.2184531e-06
1,3.0898398e-05,0.7870373,0.21293183
1,4.319243e-06,0.9999914,4.2394477e-06
1,3.031226e-06,0.9999919,5.0721915e-06
1,6.3375523e-06,0.9999896,4.017858e-06
1,3.534908e-06,0.99999213,4.3217556e-06
1,1.2554114e-05,0.99995446,3.2982356e-05
0,0.9999957,2.1137164e-06,2.0967411e-06
0,0.99999464,2.1125009e-06,3.2272244e-06
0,0.9999949,2.6367543e-06,2.4735264e-06
0,0.99998856,8.965945e-06,2.4683975e-06
0,0.99998367,1.3269903e-05,3.089925e-06
0,0.9996872,0.00011909929,0.0001938138
1,5.641841e-06,0.9999908,3.551884e-06
1,2.1964155e-05,0.999964,1.4089121e-05
0,0.99998593,1.1698485e-05,2.4245383e-06
1,0.00017218148,0.9998228,5.035041e-06
1,1.0226464e-05,0.99998486,4.859323e-06
1,5.182145e-06,0.9999927,2.0341722e-06
1,4.4316557e-06,0.99999344,2.0676007e-06
2,1.5017169e-05,0.00012308777,0.99986184
1,3.9903167e-05,0.99995816,1.9221627e-06
1,1.3072925e-05,0.9995283,0.00045859534
1,5.3020517e-06,0.9999889,5.7470133e-06
1,5.407182e-06,0.9999889,5.6219365e-06
1,1.3881752e-05,0.9999821,3.974167e-06
1,8.3052415e-05,0.71896386,0.2809531
0,0.9999956,2.600342e-06,1.8022488e-06
0,0.9999925,4.0735436e-06,3.432169e-06
0,0.9999956,2.5725187e-06,1.7995284e-06
1,2.5593488e-06,0.99999464,2.796256e-06
2,2.1635963e-06,1.9307276e-05,0.99997854
1,6.9935795e-06,0.9999893,3.7686502e-06
1,2.531024e-06,0.9999943,3.1537006e-06
0,0.9999901,7.688984e-06,2.1812916e-06
1,2.3294973e-05,0.99851483,0.0014618511
1,2.6969434e-05,0.99996364,9.440844e-06
1,6.0149055e-06,0.99999034,3.5956843e-06
1,1.0405226e-05,0.99998605,3.6009947e-06
1,6.4650962e-06,0.99999166,1.8596355e-06
1,0.0011786924,0.9984719,0.00034942175
1,5.2163045e-06,0.9999492,4.5599478e-05
0,0.99999547,1.7479823e-06,2.685202e-06
1,0.001450512,0.99854183,7.66305e-06
1,5.0255376e-06,0.99999154,3.3834046e-06
2,3.6595557e-05,3.1046817e-05,0.9999324
1,4.12059e-06,0.9999943,1.6281535e-06
1,8.298157e-06,0.9999895,2.206365e-06
1,1.4291534e-05,0.9999567,2.898877e-05
1,3.006352e-06,0.99999285,4.1914973e-06
1,2.0403366e-05,0.9999778,1.7109192e-06
1,6.0068323e-06,0.9999423,5.1695613e-05
1,3.758452e-06,0.9999927,3.5309174e-06
1,3.171908e-06,0.9999927,4.070954e-06
0,0.99999046,5.5188566e-06,4.0420546e-06
1,3.3525548e-06,0.99993837,5.832043e-05
2,9.235096e-06,0.00015568167,0.99983513
2,0.0008107643,0.46407914,0.5351101
1,1.7078995e-05,0.9999809,1.9841357e-06
0,0.99998736,1.096755e-05,1.6354192e-06
2,8.296724e-06,0.0008515342,0.99914014
1,4.2903553e-06,0.99998605,9.638757e-06
2,4.5589386e-06,1.0491936e-05,0.999985
1,1.3234108e-05,0.99998534,1.4243293e-06
2,3.918542e-06,9.391778e-06,0.99998665
2,1.6210275e-06,8.754551e-05,0.99991083
1,3.2378207e-06,0.99999106,5.6720864e-06
1,6.29115e-06,0.99998224,1.1485419e-05
2,3.296186e-06,8.1002345e-06,0.99998856
0,0.99999547,1.7556155e-06,2.7855906e-06
2,1.4980744e-05,3.4031266e-06,0.9999815
1,3.4987806e-06,0.9999924,4.104584e-06
0,0.9999945,2.0556292e-06,3.4277173e-06
1,1.4519563e-05,0.9999819,3.6248364e-06
2,3.6481897e-06,4.970465e-06,0.9999913
1,1.4061679e-05,0.9998864,9.952418e-05
1,0.00017134564,0.9968659,0.0029626563
1,2.6538393e-05,0.99944466,0.00052877574
2,3.5677172e-06,9.581859e-06,0.9999869
2,4.9501914e-06,3.3158035e-06,0.99999166
2,3.4406648e-06,7.489545e-06,0.99998903
0,0.99999535,1.9970466e-06,2.657656e-06
1,5.7422294e-06,0.99998593,8.330446e-06
1,3.4841594e-06,0.99999225,4.2515735e-06
1,4.226574e-06,0.99998856,7.243975e-06
1,6.34255e-06,0.999972,2.1676991e-05
1,1.0447719e-05,0.9999789,1.0689892e-05
0,0.9999939,3.6186664e-06,2.4579197e-06
1,8.7859235e-06,0.99998665,4.5984552e-06
1,0.00017585904,0.9905922,0.009232
0,0.99999475,2.2722957e-06,3.0207302e-06
1,0.00011128959,0.9821255,0.017763214
2,0.00013221905,0.18096687,0.8189009
1,8.360334e-06,0.9999815,1.0136429e-05
0,0.9999893,8.665693e-06,2.0366924e-06
2,3.838526e-05,0.49446,0.5055016
1,5.9714107e-06,0.9999875,6.516938e-06
2,1.1103181e-05,0.00011047439,0.9998784
1,7.1008812e-06,0.9999882,4.759383e-06
0,0.99999475,2.0381121e-06,3.212755e-06
0,0.9999937,4.5184515e-06,1.7516288e-06
0,0.99999535,1.8003896e-06,2.8466327e-06
1,1.001336e-05,0.9999186,7.134655e-05
0,0.99999535,2.1692213e-06,2.5149013e-06
1,5.8603605e-06,0.9999913,2.8395255e-06
0,0.999853,2.5419176e-05,0.000121609526
1,6.1859823e-06,0.9999908,2.9959763e-06
1,6.236862e-06,0.99999213,1.6712077e-06
2,4.506773e-06,3.3439792e-06,0.99999213
1,7.313555e-06,0.9999788,1.39576505e-05
1,4.707217e-05,0.94919807,0.050754827
0,0.99999094,3.9762117e-06,5.0670083e-06
1,2.1583392e-05,0.99997234,6.065748e-06
1,0.00300023,0.9938298,0.0031699429
1,2.6952825e-05,0.92219335,0.07777976
0,0.9999943,3.2141509e-06,2.553455e-06
1,3.4422233e-06,0.99999464,1.8760037e-06
2,6.045498e-06,3.9776296e-06,0.99999
2,1.1263554e-05,5.2453324e-06,0.99998355
1,4.5979045e-06,0.9999919,3.5250803e-06
2,2.7081203e-06,8.663175e-06,0.99998856
0,0.99979717,1.0253564e-05,0.00019256234
2,5.0253507e-06,0.0012490916,0.9987459
2,5.5545493e-06,4.201291e-06,0.9999902
1,5.42053e-05,0.99994373,2.103881e-06
1,2.9209696e-06,0.9999944,2.6287032e-06
1,6.205233e-06,0.99999,3.7564603e-06
1,1.0900334e-05,0.9999825,6.5725667e-06
1,1.239067e-05,0.9998895,9.815911e-05
1,3.996923e-06,0.9999937,2.2616434e-06
1,7.861728e-06,0.9999882,3.881237e-06
2,2.3249471e-05,3.3583357e-05,0.99994314
1,0.0007155196,0.5586624,0.440622
1,7.525506e-05,0.99992144,3.3291285e-06
1,1.9517465e-05,0.985594,0.014386545
1,2.974078e-05,0.99995553,1.4664097e-05
1,3.3383574e-06,0.99999464,2.0287264e-06
2,0.050536066,0.33986947,0.60959446
1,2.3998231e-05,0.9990761,0.00089987746
1,0.4459774,0.5539028,0.0001197993
1,6.5111744e-06,0.9999906,2.8683298e-06
1,0.09523511,0.90450984,0.00025502712
1,0.15822795,0.8135538,0.028218215
1,6.196126e-06,0.9999813,1.2526119e-05
1,0.0003562847,0.99962795,1.577727e-05
1,4.708532e-06,0.9999865,8.723329e-06
1,4.080464e-06,0.9999914,4.495652e-06
1,0.00043431015,0.9993994,0.00016628188
1,7.022432e-06,0.99969566,0.00029739476
1,4.503798e-06,0.9999927,2.758239e-06
2,4.850968e-06,6.902866e-06,0.9999882
2,4.026585e-06,3.4710533e-06,0.9999925
2,8.089424e-06,0.0014351057,0.9985568
0,0.9999938,1.5692355e-06,4.6918644e-06
0,0.99998987,4.5069783e-06,5.5940936e-06
1,0.00023832575,0.9946425,0.005119136
1,3.091218e-06,0.9999938,3.0833096e-06
1,4.563835e-06,0.99998546,9.986744e-06
0,0.99999547,2.6374219e-06,1.8922162e-06
1,6.488628e-05,0.99368507,0.006249981
1,0.00013324822,0.9998504,1.628094e-05
1,9.039504e-06,0.99998915,1.7577337e-06
1,0.0031136374,0.9963421,0.0005442689
2,7.0678557e-06,7.734352e-06,0.9999852
1,1.0826956e-05,0.9999857,3.4313175e-06
2,3.2125938e-06,5.222769e-05,0.99994457
0,0.9999933,4.488391e-06,2.2020283e-06
1,9.672974e-06,0.9996131,0.0003772471
1,5.5700693e-06,0.9999919,2.494127e-06
0,0.99921703,0.00072967616,5.328242e-05
1,6.99568e-05,0.9998903,3.9737777e-05
2,0.0001145609,0.00030050857,0.999585
2,3.6772412e-06,5.06444e-06,0.9999913
0,0.9700389,0.02993393,2.7160626e-05
1,9.498538e-06,0.99998796,2.5488603e-06
1,5.0102815e-05,0.9999167,3.323579e-05
0,0.9999951,2.766106e-06,2.1630688e-06
1,4.0490822e-06,0.9999938,2.185214e-06
0,0.7481215,0.25177068,0.00010781807
0,0.9999937,3.3407905e-06,2.975875e-06
1,5.440512e-06,0.9999789,1.5657477e-05
1,1.6101088e-05,0.9999783,5.5578266e-06
1,9.386957e-06,0.99997103,1.9541536e-05
2,1.1693107e-05,0.0006832833,0.999305
1,5.06291e-06,0.9999933,1.6192237e-06
1,6.6178936e-06,0.9999839,9.518984e-06
1,9.3622975e-06,0.99998796,2.6469145e-06
2,4.0735445e-06,3.547912e-05,0.9999604
0,0.9999938,3.0117758e-06,3.2129235e-06
1,4.504349e-06,0.9999634,3.2108397e-05
1,5.029969e-06,0.9999927,2.1831954e-06
1,0.0012846832,0.99858874,0.0001265578
1,1.3787261e-05,0.999516,0.00047024878
1,7.8818175e-06,0.9999893,2.8185161e-06
1,2.5568157e-05,0.99726164,0.0027128267
2,7.185239e-06,6.5985565e-05,0.9999268
1,2.0158059e-05,0.99997556,4.2887154e-06
2,4.4721637e-06,3.7937427e-06,0.99999166
1,0.00019903955,0.99888486,0.0009160859
1,1.6434686e-05,0.99996245,2.1135887e-05
0,0.99996054,3.7644528e-05,1.791076e-06
1,8.482659e-05,0.9999125,2.72215e-06
2,3.4728187e-06,4.858865e-06,0.99999166
0,0.9999956,1.970373e-06,2.4328376e-06
0,0.9996853,0.00030884348,5.875005e-06
0,0.9999565,3.3945253e-05,9.584272e-06
1,8.208438e-06,0.99998784,3.907784e-06
1,5.1686925e-06,0.9999894,5.465108e-06
1,0.06703016,0.9329249,4.4938017e-05
1,0.00013314978,0.99986374,3.134511e-06
0,0.99596465,0.002099441,0.0019358468
1,5.5378737e-06,0.9999924,2.1467968e-06
1,0.00012909534,0.97171867,0.028152283
1,5.1113275e-06,0.9999925,2.4374328e-06
0,0.99999475,3.0129966e-06,2.3073308e-06
1,6.7567516e-06,0.9999914,1.8694486e-06
2,0.00012562549,4.2242995e-05,0.99983215
1,9.718354e-05,0.9995028,0.00040001085
1,5.1610623e-06,0.9999893,5.519608e-06
2,4.203438e-06,5.02482e-06,0.9999908
2,2.6448739e-05,0.06418883,0.9357847
1,3.4802536e-06,0.9999901,6.460328e-06
2,4.0404047e-06,6.538789e-06,0.9999894
1,0.007012919,0.9927402,0.00024691573
2,5.126202e-06,4.27461e-06,0.9999906
1,4.189918e-06,0.9999926,3.2051892e-06
1,6.3654725e-06,0.9999908,2.8206289e-06
0,0.9999896,5.2498835e-06,5.1218576e-06
1,2.1136788e-05,0.9999745,4.3937907e-06
1,0.000301702,0.9762779,0.023420403
2,4.862e-06,7.0048186e-06,0.9999881
1,8.568835e-06,0.99998534,6.073242e-06
1,4.974047e-06,0.9999907,4.2757038e-06
1,6.3565662e-06,0.9999869,6.7675815e-06
1,6.2341937e-06,0.9999924,1.4055454e-06
1,8.580482e-06,0.9999894,2.0184373e-06
1,7.987408e-06,0.99999046,1.5080694e-06
0,0.99975485,0.00023192381,1.3272966e-05
2,4.6661044e-06,4.461085e-06,0.99999094
1,4.111469e-06,0.9999937,2.1756402e-06
1,4.258031e-06,0.99999356,2.1610385e-06
1,6.139568e-06,0.99999154,2.3708483e-06
1,8.528802e-06,0.99998784,3.6519436e-06
2,7.5843404e-06,6.7015944e-06,0.9999857
1,2.5412364e-05,0.99997306,1.5469977e-06
2,2.2707914e-05,2.1524944e-05,0.9999558
0,0.9999937,3.0905337e-06,3.2614098e-06
0,0.9999951,3.429423e-06,1.4282402e-06
1,8.016912e-06,0.99998283,9.200011e-06
1,4.7575245e-06,0.9999933,1.9611036e-06
1,4.2957736e-06,0.9999931,2.570982e-06
1,4.4571357e-06,0.99998736,8.222733e-06
1,5.8664886e-05,0.9998362,0.00010515512
1,1.1296391e-05,0.99998593,2.7527124e-06
1,1.6112146e-05,0.99996877,1.5106082e-05
2,1.2325725e-05,0.00022085366,0.9997669
1,7.730683e-06,0.99999034,1.9013053e-06
0,0.99998796,1.0213834e-05,1.8209629e-06
2,6.668683e-06,5.9467625e-06,0.99998736
1,6.008477e-06,0.999992,1.9315405e-06
1,1.7415734e-05,0.999962,2.0610578e-05
0,0.9999958,1.9594038e-06,2.3180078e-06
1,6.0229704e-06,0.99999225,1.7601329e-06
0,0.9999958,1.975979e-06,2.1150352e-06
1,6.31801e-06,0.9999902,3.4471554e-06
0,0.99999464,2.030081e-06,3.3384624e-06
2,6.0363946e-06,5.926492e-06,0.99998796
0,0.9999956,2.5231802e-06,1.9303911e-06
1,5.0646937e-05,0.9999131,3.622865e-05
1,8.6143245e-06,0.9999871,4.29901e-06
0,0.96804583,0.031948164,5.9542754e-06
0,0.9856354,0.014297559,6.700278e-05
1,6.0512475e-06,0.99998975,4.2188553e-06
2,4.9573073e-06,7.8544384e-05,0.99991643
0,0.99999547,2.2421218e-06,2.2141521e-06
2,7.4387945e-06,0.0011706612,0.9988219
1,0.44310492,0.55679095,0.00010417015
2,4.616173e-06,5.336415e-06,0.99999
1,1.282664e-05,0.99997747,9.67878e-06
1,6.5730783e-06,0.9999697,2.3755621e-05
2,2.2619624e-06,5.9454733e-06,0.9999918
1,1.5281577e-05,0.9999827,2.0008627e-06
0,0.99999046,7.908443e-06,1.6686059e-06
1,2.1333188e-05,0.9999758,2.8706656e-06
0,0.9999939,3.6683437e-06,2.4304682e-06
1,0.0010764367,0.99890745,1.6137928e-05
1,2.3743132e-05,0.9962334,0.003742804
1,3.5175462e-06,0.9999933,3.154284e-06
1,3.2109942e-06,0.9999882,8.597656e-06
1,0.006870928,0.9910579,0.0020712237
1,1.6339789e-05,0.99740607,0.0025776296
0,0.9999895,7.936731e-06,2.5075676e-06
2,3.4406636e-05,0.44820338,0.55176216
1,3.8391945e-06,0.999985,1.1152951e-05
1,3.5140633e-06,0.9999945,2.013092e-06
0,0.99999523,2.2529887e-06,2.4829408e-06
1,4.1171506e-06,0.9999937,2.233741e-06
1,6.5779495e-06,0.9999914,2.0543177e-06
0,0.999995,2.4521391e-06,2.465108e-06
2,1.4672842e-05,9.620006e-06,0.9999757
1,2.0155849e-05,0.9999746,5.2833e-06
1,4.9192113e-05,0.99993384,1.7010118e-05
1,2.7552898e-05,0.99996483,7.636132e-06
1,0.00010483123,0.9996487,0.0002465145
1,0.00013136376,0.9997452,0.00012347111
0,0.977241,0.016477978,0.0062811384
1,1.9634459e-05,0.9999312,4.9149967e-05
1,6.0816487e-06,0.99998295,1.1006564e-05
1,0.0010984291,0.99888676,1.47870405e-05
2,3.1350962e-06,1.5147479e-05,0.99998176
0,0.9999949,1.8485654e-06,3.25325e-06
1,2.1472924e-05,0.9999709,7.669642e-06
2,1.1868149e-05,0.017354101,0.9826341
1,2.5962931e-06,0.9999938,3.5790833e-06
2,6.2876325e-06,8.111033e-06,0.9999856
1,8.677417e-06,0.99998903,2.285032e-06
1,2.951192e-06,0.99999213,4.8937545e-06
1,4.3077803e-06,0.9999938,1.937651e-06
1,4.042484e-06,0.99998605,9.8615665e-06
1,9.9642304e-05,0.92918664,0.07071374
1,4.1950093e-06,0.999992,3.7889859e-06
1,2.5283553e-05,0.9999707,4.0287246e-06
2,4.6450664e-06,4.9433966e-05,0.9999459
2,4.0188143e-06,3.8269723e-06,0.99999213
1,5.4540997e-06,0.99998426,1.03118555e-05
1,6.7849896e-06,0.9999838,9.381707e-06
1,0.35937676,0.63941073,0.0012124871
0,0.99999225,4.497581e-06,3.1882375e-06
1,0.14033972,0.85931623,0.00034410082
2,4.560596e-06,5.6254116e-06,0.99998987
1,4.149329e-06,0.9999932,2.5919524e-06
1,7.1830964e-06,0.9999795,1.328033e-05
1,3.681804e-06,0.9999944,1.8953676e-06
1,3.1459535e-06,0.9999944,2.4513874e-06
1,1.1716581e-05,0.99996376,2.4538955e-05
2,3.4946709e-06,7.3590027e-06,0.99998915
1,3.882577e-06,0.9999919,4.2743304e-06
2,5.0045796e-06,3.3581734e-06,0.99999166
1,5.0068597e-06,0.9999913,3.6855868e-06
1,6.538968e-06,0.99999106,2.376638e-06
1,5.5914184e-06,0.99998736,7.0851274e-06
1,9.727984e-06,0.9997775,0.00021276312
1,5.4714724e-06,0.9999906,3.985937e-06
1,7.181837e-06,0.99998724,5.558454e-06
1,6.1546098e-06,0.9999846,9.185264e-06
2,2.5881845e-06,4.5453257e-06,0.99999285
1,7.844556e-06,0.999833,0.0001590994
1,3.559043e-06,0.99999404,2.380617e-06
1,3.943169e-06,0.99990976,8.627886e-05
2,5.1885168e-06,3.3818108e-06,0.9999914
1,4.5439876e-05,0.99995244,2.0646078e-06
1,3.5707353e-06,0.99995697,3.951654e-05
2,4.1363664e-06,7.243954e-06,0.99998856
2,4.5750717e-06,3.7190423e-06,0.9999918
1,3.8884923e-06,0.9999933,2.8004315e-06
2,3.5649202e-06,8.0443515e-06,0.99998844
0,0.99999285,5.1934553e-06,1.949523e-06
1,7.3121564e-06,0.99998975,2.8806967e-06
2,7.0941774e-06,8.862336e-06,0.999984
0,0.99999225,5.33192e-06,2.4013032e-06
2,0.0001141354,0.17012127,0.8297646
0,0.9999957,2.3481562e-06,1.8831544e-06
0,0.9999945,2.870024e-06,2.6194994e-06
0,0.99999523,2.543379e-06,2.30801e-06
1,2.9998034e-06,0.9999876,9.424113e-06
2,4.7362714e-06,3.5752516e-06,0.99999166
1,4.251746e-06,0.99998903,6.765421e-06
1,2.5781321e-06,0.9999933,4.0613245e-06
0,0.9658332,0.03404726,0.0001194762
2,2.3325078e-06,0.00027180387,0.99972576
2,3.6194822e-06,2.5928342e-05,0.99997044
1,3.0027272e-06,0.9999871,9.878472e-06
2,3.2210105e-06,4.947121e-06,0.9999919
1,5.5430514e-06,0.9999914,3.009902e-06
0,0.9999957,2.2845636e-06,1.9886697e-06
1,1.1669482e-05,0.9999565,3.1873777e-05
2,1.3655772e-05,2.0577287e-05,0.99996567
1,5.7290176e-06,0.9999913,2.9870312e-06
0,0.9999951,1.7943436e-06,3.0942892e-06
0,0.9999864,2.1861024e-06,1.1425816e-05
1,0.3654409,0.63445675,0.00010233495
2,4.0969453e-06,5.3390464e-05,0.99994254
1,7.0376096e-05,0.7749231,0.22500655
1,3.4464535e-06,0.9999907,5.8698934e-06
1,2.8750592e-06,0.9999869,1.0187693e-05
2,0.00039776982,0.00096354226,0.9986387
1,1.0873683e-05,0.9999826,6.5073914e-06
1,6.0101806e-06,0.99999225,1.7198007e-06
1,1.633414e-05,0.9999484,3.5279118e-05
1,4.0882824e-06,0.99999356,2.312882e-06
0,0.9985953,0.0014016563,3.1248135e-06
2,0.00013301912,1.7944141e-05,0.99984896
1,4.487613e-06,0.99999356,1.9564493e-06
1,0.059872005,0.94009197,3.6066886e-05
2,0.00023459358,0.08776158,0.91200376
1,1.6493352e-05,0.99997425,9.287052e-06
0,0.99999475,2.5408344e-06,2.699571e-06
1,2.7453043e-05,0.95795697,0.042015556
1,3.5156213e-06,0.9999943,2.167399e-06
1,7.3990705e-06,0.99998796,4.6226887e-06
2,4.5273566e-05,0.097090386,0.90286434
1,2.9825147e-05,0.9996679,0.0003023593
1,7.132446e-06,0.99999,2.8942538e-06
1,5.244843e-05,0.9997905,0.00015701934
1,9.165289e-06,0.9999857,5.193824e-06
1,5.3568883e-06,0.999992,2.6864398e-06
1,5.499855e-06,0.9999908,3.6617125e-06
1,2.8232522e-05,0.9999596,1.2124107e-05
1,4.1298114e-05,0.99993455,2.4141733e-05
1,3.2910636e-06,0.9999411,5.558222e-05
1,1.433194e-05,0.99998,5.7366124e-06
1,7.8068246e-05,0.9992169,0.00070504646
1,9.681785e-05,0.98888457,0.011018583
0,0.9999927,3.3632664e-06,3.953365e-06
1,4.2864526e-06,0.9999925,3.1898567e-06
1,3.1230372e-06,0.99998844,8.470065e-06
1,1.1051209e-05,0.99998176,7.190049e-06
1,1.1246399e-05,0.9999832,5.5285095e-06
1,5.3693952e-06,0.9999913,3.3268475e-06
1,4.827383e-06,0.99999344,1.6965274e-06
0,0.9999913,6.7550827e-06,1.9234878e-06
2,2.619656e-06,2.4047125e-05,0.9999733
2,5.203236e-05,8.080643e-06,0.9999398
1,5.112317e-06,0.9999933,1.5284633e-06
1,1.0508401e-05,0.99992514,6.433647e-05
1,1.09059765e-05,0.9999831,6.0136977e-06
2,3.2461926e-06,3.5535224e-05,0.99996126
1,0.002506956,0.99747545,1.759695e-05
2,5.77454e-06,3.249894e-05,0.99996173
1,3.3863744e-05,0.9999442,2.1964726e-05
1,1.2043187e-05,0.9999844,3.5678922e-06
2,0.0016311543,0.001392006,0.99697685
1,4.2726365e-06,0.9999913,4.4280214e-06
2,3.985352e-06,6.540279e-05,0.9999306
1,5.1973446e-05,0.99994564,2.4257242e-06
1,1.938614e-05,0.9999771,3.5286407e-06
1,7.2133016e-06,0.99998534,7.479803e-06
0,0.9999914,4.208635e-06,4.3790305e-06
1,6.198751e-06,0.99998045,1.3331506e-05
2,2.1265441e-06,8.473321e-06,0.9999894
0,0.99999475,3.6115364e-06,1.6453745e-06
1,1.3696162e-05,0.99998367,2.6198306e-06
1,1.5558335e-05,0.9999553,2.9092113e-05
1,4.721281e-06,0.99999356,1.6619599e-06
0,0.9999933,1.9018079e-06,4.74859e-06
1,6.910949e-06,0.99999034,2.7378119e-06
1,7.515709e-06,0.9999906,1.854248e-06
1,1.6748869e-05,0.99997354,9.707676e-06
2,7.066177e-06,2.993175e-06,0.99999
2,6.090412e-06,3.4978764e-06,0.99999046
1,3.4016234e-06,0.9999945,2.0759408e-06
2,4.3974474e-06,3.5729927e-06,0.999992
2,2.6393676e-05,6.1519745e-06,0.99996746
1,4.5362294e-06,0.9999933,2.1928079e-06
1,7.460127e-06,0.9999567,3.582849e-05
1,6.7780516e-06,0.9999907,2.4985761e-06
0,0.99999535,2.9486189e-06,1.6560678e-06
1,1.0373609e-05,0.99998593,3.6522918e-06
1,5.358889e-06,0.9999907,3.9783536e-06
2,5.0668976e-05,0.06502019,0.9349291
1,6.5238487e-06,0.9999716,2.1867909e-05
1,4.651483e-06,0.99999297,2.3324328e-06
1,4.985053e-06,0.99999213,2.8905276e-06
1,3.4444417e-06,0.9999943,2.2306533e-06
1,6.199662e-06,0.99999106,2.7966034e-06
1,7.1384757e-06,0.99999094,1.8683837e-06
2,1.2503285e-05,0.026215155,0.9737723
1,3.7357693e-06,0.99999225,4.0399923e-06
1,5.7005527e-06,0.9999914,2.8655736e-06
1,1.1244441e-05,0.9999398,4.8921105e-05
1,7.652723e-06,0.99998355,8.799808e-06
0,0.9999944,2.5728248e-06,3.034936e-06
0,0.9999919,6.4505143e-06,1.6967805e-06
1,3.150704e-06,0.9999945,2.315409e-06
0,0.99894387,0.0010518372,4.291856e-06
0,0.9999894,9.356179e-06,1.3032707e-06
1,1.4800312e-05,0.99799997,0.0019851855
0,0.99999416,2.2932809e-06,3.602408e-06
1,0.037176594,0.9618859,0.0009374441
2,3.3927058e-06,0.00040023983,0.9995964
1,6.499124e-06,0.9999912,2.2867744e-06
0,0.9999958,2.148285e-06,2.0111565e-06
1,4.5815354e-06,0.999992,3.375008e-06
2,9.892667e-05,0.050119795,0.9497813
1,0.00012339071,0.517685,0.4821916
1,5.6450745e-06,0.9999925,1.8522209e-06
1,4.1536327e-06,0.99999034,5.5303894e-06
2,1.698565e-05,0.004248961,0.99573404
2,4.654652e-06,5.164233e-06,0.9999902
2,5.3405133e-06,2.3798366e-05,0.9999708
0,0.9999949,2.1756987e-06,3.000283e-06
1,3.894586e-06,0.9999931,3.0373758e-06
1,0.0024078323,0.9971831,0.00040908443
2,9.43133e-05,0.131262,0.86864364
0,0.9999951,2.4763096e-06,2.3546015e-06
2,4.5286957e-05,8.8769586e-05,0.9998659
2,6.7857613e-06,1.0078168e-05,0.9999831
0,0.9999957,2.878536e-06,1.4812925e-06
2,9.591125e-06,5.00203e-06,0.99998546
0,0.9999937,3.2725138e-06,3.0889012e-06
1,9.3451534e-05,0.9998522,5.4373875e-05
0,0.9999933,2.3307773e-06,4.2888487e-06
2,0.00057921204,0.27005413,0.72936666
1,5.1279744e-06,0.9999901,4.808464e-06
1,3.3486217e-06,0.99999475,1.9257432e-06
0,0.99999475,2.646917e-06,2.6231246e-06
2,7.0922038e-06,3.9412553e-06,0.99998903
0,0.999995,2.9428197e-06,2.0040632e-06
1,4.19575e-06,0.9999932,2.5923528e-06
2,1.2117639e-05,0.034733113,0.96525484
1,4.18568e-06,0.99999356,2.2698066e-06
2,1.3694367e-05,0.019297771,0.9806886
1,1.6737717e-05,0.9999759,7.3998704e-06
1,8.836373e-06,0.9999826,8.567766e-06
1,3.677624e-06,0.9999933,3.0449057e-06
2,9.353411e-06,3.514611e-06,0.99998724
1,2.862742e-06,0.99999464,2.4902265e-06
1,2.574653e-05,0.9990644,0.0009099195
0,0.6886261,0.30978143,0.0015924821
1,5.3737504e-06,0.9999924,2.314991e-06
