predicted_label,prediction_0_weight,prediction_1_weight,prediction_2_weight
1,0.00019892525,0.9997861,1.5047138e-05
2,2.3172752e-06,1.3988753e-06,0.9999963
1,1.8395135e-06,0.9999976,5.2420734e-07
2,3.6843865e-06,7.33338e-06,0.9999889
1,0.006158484,0.993838,3.4865752e-06
0,0.99999475,2.9901994e-06,2.2123984e-06
1,1.8290673e-06,0.9999931,5.0860363e-06
1,2.112241e-06,0.9999974,5.0505435e-07
0,0.9999945,1.4611865e-06,4.006777e-06
1,9.326786e-07,0.99999523,3.7896486e-06
1,3.0797203e-06,0.9999963,6.4037295e-07
0,0.9973901,0.002602521,7.3734536e-06
1,4.2829706e-06,0.9999951,5.851249e-07
1,8.854885e-06,0.9999907,4.1208955e-07
1,8.338836e-06,0.99999034,1.3572112e-06
2,0.00079108984,0.13635607,0.8628529
0,0.9999901,1.83604e-06,8.133681e-06
0,0.9999901,3.443291e-06,6.4362653e-06
1,3.238437e-06,0.99999547,1.2408368e-06
1,0.45876434,0.5016173,0.03961828
1,2.0643654e-06,0.9999963,1.6286166e-06
1,5.3926037e-06,0.9999938,8.590111e-07
1,3.631202e-05,0.99996305,6.471873e-07
0,0.99999547,3.0857477e-06,1.4687166e-06
0,0.9999871,1.14391705e-05,1.4512211e-06
2,1.5155057e-06,2.5267643e-06,0.99999595
1,2.5294287e-06,0.999997,3.9549377e-07
1,4.1331614e-06,0.99999535,5.1046266e-07
1,1.2941865e-06,0.99999654,2.125057e-06
1,2.3931823e-06,0.9999969,7.2046845e-07
0,0.9999703,1.2975665e-05,1.6688215e-05
2,0.00019185516,3.2258613e-06,0.9998049
1,2.9343062e-06,0.99999607,9.484534e-07
2,5.6000868e-06,9.568256e-07,0.99999344
1,6.876152e-06,0.99999213,9.677088e-07
1,1.7655823e-06,0.9999974,7.9919397e-07
0,0.99999547,1.7535524e-06,2.739654e-06
2,3.0941212e-06,1.13638225e-05,0.9999856
2,2.8511022e-06,4.5074116e-06,0.9999926
0,0.9999927,1.258145e-06,5.945281e-06
1,1.4303882e-05,0.99998486,8.549187e-07
1,3.5618868e-06,0.99999547,9.4784434e-07
0,0.9999925,5.6373437e-06,1.901001e-06
2,2.025635e-06,1.4800668e-06,0.99999654
0,0.999962,3.1992295e-05,6.1280152e-06
1,1.3701408e-06,0.999998,6.036688e-07
1,2.549303e-06,0.99999666,8.1177734e-07
2,4.145036e-06,1.103653e-06,0.99999475
1,2.1893206e-06,0.99999356,4.188963e-06
1,1.5693882e-06,0.9999958,2.5621086e-06
1,2.1261694e-06,0.9999974,4.8124423e-07
1,3.281462e-06,0.9999949,1.824045e-06
1,2.471448e-06,0.99974364,0.0002538228
2,3.8089026e-06,9.63929e-07,0.99999523
0,0.9999939,2.2155743e-06,3.837227e-06
2,1.2029913e-05,5.9216134e-05,0.9999287
0,0.99998426,7.407431e-06,8.401824e-06
1,2.0247719e-05,0.9999771,2.5859356e-06
1,2.761476e-06,0.9999964,8.198248e-07
1,2.2670329e-05,0.999969,8.27357e-06
1,1.4115225e-06,0.99999785,6.920027e-07
1,0.0007395037,0.9992574,3.0599617e-06
1,1.8209865e-06,0.99999714,1.0187975e-06
1,2.028255e-06,0.999997,1.0051265e-06
2,2.7208182e-06,9.614329e-07,0.9999963
2,9.259794e-05,1.7146178e-06,0.9999057
2,5.5738433e-06,1.2656668e-06,0.9999931
1,2.7122085e-06,0.9999969,3.9104899e-07
1,1.1390223e-06,0.9999968,2.1097453e-06
1,4.0156856e-06,0.99999523,7.473057e-07
1,1.5339025e-05,0.9999813,3.3261638e-06
2,3.1567254e-06,1.4368106e-06,0.99999547
1,0.0015130049,0.9984824,4.5919187e-06
2,8.281254e-06,1.3018262e-06,0.99999046
2,6.1220467e-06,3.1824823e-06,0.9999907
1,4.2716897e-06,0.99999475,1.0058702e-06
1,2.494701e-06,0.9999969,5.7475114e-07
0,0.9999951,1.8055182e-06,3.1336945e-06
2,1.6563184e-06,0.0008612943,0.9991371
0,0.99999535,2.9619641e-06,1.682593e-06
0,0.999995,1.8428186e-06,3.187453e-06
1,1.4703628e-06,0.999998,5.9882024e-07
1,2.6328898e-06,0.9999969,4.528429e-07
2,2.8405918e-06,3.2965395e-06,0.9999938
1,1.0861265e-05,0.9999881,1.0771022e-06
0,0.99999464,2.671618e-06,2.7700223e-06
1,2.7342664e-06,0.99962926,0.00036798633
1,3.605285e-06,0.99999416,2.2497911e-06
1,2.2324175e-06,0.99999714,6.860737e-07
1,1.656182e-06,0.9999976,7.385081e-07
1,2.226781e-05,0.99018234,0.009795361
1,2.3697582e-06,0.999997,6.215763e-07
2,2.1343965e-06,2.070062e-06,0.9999958
1,3.8762864e-06,0.9999956,5.065986e-07
0,0.99999523,1.7434536e-06,2.962232e-06
2,4.555392e-06,5.6735503e-06,0.99998975
1,4.0010633e-05,0.9925155,0.00744453
1,9.1582515e-05,0.9999075,9.3101494e-07
0,0.9999882,1.03170305e-05,1.4762905e-06
1,2.3386349e-06,0.9998161,0.0001815355
1,1.7613883e-06,0.99997187,2.6428552e-05
0,0.99842,0.0015771827,2.801409e-06
1,3.873273e-06,0.9999865,9.5574605e-06
1,1.9486324e-06,0.9999956,2.518041e-06
1,2.9616635e-06,0.99999595,1.1216641e-06
1,1.2970738e-06,0.99999726,1.4356092e-06
1,0.0007151194,0.9992698,1.5057623e-05
1,2.317876e-06,0.99999607,1.6100844e-06
2,1.6746558e-06,0.00028162732,0.9997167
1,1.583935e-05,0.99998343,7.599415e-07
1,0.0057825376,0.9942141,3.3064512e-06
1,7.0667006e-06,0.9999925,4.8742845e-07
1,2.7421986e-06,0.9999968,4.7603478e-07
2,0.006179491,0.12786113,0.86595947
0,0.99999046,7.896596e-06,1.6443165e-06
1,4.220574e-05,0.9999559,1.9581523e-06
1,3.6193376e-06,0.99999535,1.0889714e-06
1,1.878249e-06,0.9999976,5.2478106e-07
1,1.2891497e-05,0.9999857,1.4587147e-06
1,0.00035194476,0.9996377,1.0333066e-05
1,2.0394502e-06,0.9999969,1.0062705e-06
2,6.6406195e-05,3.9077654e-06,0.99992967
1,5.8067402e-05,0.9856962,0.014245712
2,1.7744702e-05,1.2930202e-06,0.9999809
1,2.1650055e-06,0.9999937,4.136818e-06
2,5.9346244e-06,4.3443888e-05,0.99995065
1,1.5182322e-05,0.99997723,7.6265396e-06
0,0.999992,5.2825303e-06,2.7215876e-06
2,1.6164888e-05,0.0012953065,0.9986885
1,0.00078379374,0.9947265,0.0044897445
1,3.7981365e-06,0.99999523,9.756618e-07
1,2.6833936e-06,0.99999607,1.282411e-06
0,0.99997497,6.305328e-06,1.8727771e-05
0,0.99950886,0.00048933824,1.7807484e-06
1,1.7540709e-06,0.9999975,7.547188e-07
2,1.4603968e-05,2.497782e-06,0.99998283
2,1.4030796e-05,1.7390188e-06,0.99998415
1,2.4812598e-06,0.99999607,1.4252918e-06
0,0.99999547,2.3037835e-06,2.2573636e-06
1,2.4902045e-06,0.9999895,8.046608e-06
1,1.3454652e-06,0.9999919,6.7168125e-06
1,2.178528e-06,0.99998975,8.1069375e-06
0,0.9999045,9.411013e-05,1.3680713e-06
1,1.0178965e-06,0.99997056,2.8370509e-05
1,2.1623061e-06,0.9999974,4.7583808e-07
0,0.9999939,1.3397113e-06,4.7175204e-06
0,0.9999912,6.9050857e-06,1.9301765e-06
1,3.354196e-06,0.9999958,8.0859644e-07
1,0.00012288902,0.99987566,1.4474217e-06
0,0.9999943,4.0064742e-06,1.6486754e-06
0,0.99893683,0.0010393923,2.3873816e-05
1,1.184802e-06,0.9999964,2.438205e-06
1,3.926035e-06,0.99999535,6.7041105e-07
1,5.0256185e-06,0.9999943,7.368475e-07
0,0.79033947,0.20941012,0.00025047184
1,3.4641562e-06,0.9999738,2.2704124e-05
1,4.5230005e-05,0.9999523,2.4989902e-06
2,3.133379e-05,3.1013533e-06,0.99996555
1,1.049458e-06,0.9999981,8.346424e-07
1,1.2631014e-06,0.99999726,1.4435211e-06
1,2.522625e-06,0.9999968,6.5911564e-07
1,5.3604304e-06,0.9999931,1.5294165e-06
1,0.0015908601,0.99840623,2.963762e-06
1,1.5945625e-06,0.99999726,1.1643916e-06
1,2.1122469e-06,0.9999974,5.391504e-07
2,1.5391402e-06,1.9903714e-06,0.9999964
1,3.0231933e-05,0.9999691,6.990062e-07
1,3.869397e-06,0.99999535,7.981489e-07
1,1.604926e-06,0.99999714,1.2472682e-06
1,0.049313527,0.9506621,2.4372399e-05
1,2.041686e-06,0.99999666,1.3522986e-06
1,1.33750755e-05,0.9999645,2.214492e-05
1,1.097692e-06,0.999995,3.9461424e-06
1,1.4457495e-06,0.9999976,9.4972756e-07
1,2.5115694e-06,0.9999943,3.1707725e-06
0,0.9999846,3.368584e-06,1.202758e-05
1,2.870345e-06,0.9999957,1.3739638e-06
1,3.2242524e-06,0.9999956,1.2066677e-06
1,2.3805942e-06,0.9999969,6.8362175e-07
1,1.4686202e-06,0.9999975,1.0684214e-06
0,0.9999435,4.724975e-05,9.285766e-06
1,1.4142996e-06,0.99999785,7.5525037e-07
1,7.032463e-06,0.99999,2.9215303e-06
1,2.922335e-06,0.9999963,7.204639e-07
0,0.99904794,0.0009482481,3.7896205e-06
1,2.5437587e-06,0.9999968,6.487602e-07
1,1.2695566e-06,0.99999285,5.934445e-06
1,2.1947678e-06,0.99999714,6.372592e-07
0,0.9999316,5.8589798e-05,9.831956e-06
1,3.2395578e-06,0.9999962,6.2392525e-07
1,1.3398446e-06,0.999998,6.853138e-07
1,1.8763885e-05,0.9999789,2.3194482e-06
1,0.0002770357,0.9997198,3.1477246e-06
1,3.7577313e-06,0.99992967,6.656046e-05
1,1.6555546e-06,0.99999726,1.098305e-06
1,2.312306e-06,0.9999914,6.3277566e-06
1,3.3094936e-06,0.99999607,6.3804293e-07
0,0.99999547,1.5462136e-06,2.928244e-06
1,2.817317e-06,0.99999666,5.2781263e-07
1,0.000101084566,0.99989736,1.5582846e-06
1,2.4998408e-06,0.999997,5.3633227e-07
0,0.99030125,0.009685975,1.2805571e-05
1,0.011373419,0.9883862,0.00024029225
1,2.67432e-06,0.99999654,7.4346804e-07
1,1.702996e-06,0.9999976,6.4363104e-07
1,0.00076285575,0.70821774,0.2910194
2,8.6263855e-05,1.3747901e-06,0.99991226
1,4.0110235e-06,0.99999523,7.0839366e-07
1,1.1118271e-06,0.99999535,3.5947526e-06
0,0.99999344,1.2947651e-06,5.3009435e-06
1,1.6303267e-06,0.9999968,1.6293429e-06
0,0.999984,1.1093747e-05,4.9249147e-06
0,0.9999937,2.6141115e-06,3.6426225e-06
2,1.8034232e-05,8.7413355e-06,0.9999733
1,2.753573e-06,0.9999963,9.494057e-07
2,3.1218667e-06,3.7783668e-06,0.9999931
2,4.9967575e-06,8.692839e-07,0.99999416
1,2.062695e-06,0.9999974,5.452759e-07
1,2.3404018e-06,0.99999714,4.963093e-07
1,3.6974357e-05,0.92875826,0.07120477
2,5.3640442e-06,1.9468882e-06,0.9999927
1,1.07068845e-05,0.99998415,5.181986e-06
1,3.1485504e-06,0.9982309,0.0017659455
1,1.48963e-06,0.999998,5.660964e-07
1,6.1935775e-06,0.9999933,4.6628745e-07
0,0.9999938,4.691489e-06,1.5511707e-06
1,3.4272984e-05,0.9998995,6.6258704e-05
2,7.2282537e-06,2.4181134e-06,0.99999034
1,5.737379e-06,0.99999344,8.471525e-07
1,1.6661295e-06,0.99998915,9.201087e-06
1,6.809857e-05,0.99993,1.8776311e-06
1,2.3145253e-06,0.99999714,5.290097e-07
1,0.104351744,0.89563465,1.3663954e-05
0,0.9999933,5.276275e-06,1.4303041e-06
1,2.8601853e-06,0.99999666,4.7829457e-07
0,0.9999943,3.0551269e-06,2.6666482e-06
1,1.6955863e-06,0.9999974,8.820375e-07
1,2.0727812e-06,0.99999714,8.413361e-07
1,3.2352582e-06,0.99999464,2.1651563e-06
2,9.149767e-07,6.5301033e-06,0.9999925
1,6.365992e-06,0.9999504,4.3195832e-05
2,4.7144686e-06,0.00052803155,0.9994672
1,1.1333823e-06,0.9999976,1.2398305e-06
1,2.5546599e-06,0.9999968,6.248093e-07
2,2.3994358e-05,1.5450742e-05,0.99996054
2,5.455937e-06,9.1938155e-06,0.99998534
0,0.9799171,0.0094503425,0.010632553
1,7.020777e-06,0.999992,9.187904e-07
0,0.99999535,1.8822146e-06,2.6848736e-06
0,0.9996599,0.00032379958,1.6356391e-05
0,0.99999547,1.9168303e-06,2.6715286e-06
1,2.5028128e-06,0.9999969,6.275815e-07
2,4.3984396e-06,1.1167334e-06,0.9999945
1,5.0052035e-06,0.99999416,8.892621e-07
1,2.3557354e-06,0.99999297,4.6217024e-06
1,1.0546295e-06,0.99999666,2.2422955e-06
1,1.3278867e-05,0.99998474,2.012744e-06
1,2.6461448e-06,0.99999666,6.5234053e-07
1,1.8709013e-06,0.9999976,5.351876e-07
1,9.207122e-06,0.99998975,1.0709747e-06
1,2.644252e-06,0.9999964,9.623357e-07
1,0.013477152,0.8192377,0.16728516
1,1.7754226e-06,0.9999963,1.9494719e-06
1,2.0356545e-06,0.9999974,5.8460193e-07
1,0.00011031397,0.99987864,1.1041875e-05
0,0.99999523,2.9352104e-06,1.7576773e-06
2,6.5891154e-06,7.6908117e-07,0.9999927
1,1.4983896e-06,0.99999785,6.3000596e-07
1,1.4169643e-06,0.9999938,4.7985873e-06
1,3.832555e-06,0.99999547,7.06936e-07
0,0.9999925,3.4709308e-06,4.0666346e-06
1,1.349232e-06,0.9999981,5.9250345e-07
2,3.824695e-05,0.004398719,0.99556303
2,2.3731268e-06,2.5856394e-05,0.99997175
1,2.9454438e-06,0.99999464,2.4256003e-06
1,1.0835525e-06,0.9999964,2.490877e-06
1,4.7326403e-06,0.9999943,9.986065e-07
0,0.9999949,2.7098115e-06,2.3372825e-06
1,7.716733e-06,0.99999154,7.377898e-07
0,0.9999924,5.230802e-06,2.3824891e-06
1,2.7631918e-06,0.9999968,4.305335e-07
2,1.9433912e-06,6.4058654e-06,0.99999166
1,2.3965392e-06,0.9999968,8.213362e-07
2,2.2428057e-06,3.402106e-06,0.9999943
1,3.0122055e-06,0.9999963,6.4020315e-07
2,1.3024854e-06,2.647115e-06,0.99999607
1,2.1811557e-06,0.9999974,4.2603116e-07
1,2.3823402e-06,0.99999475,2.820403e-06
1,2.5596937e-06,0.9999969,5.6914877e-07
0,0.99999475,2.392577e-06,2.8395543e-06
1,2.7398798e-06,0.9999958,1.4360947e-06
2,2.214243e-06,2.697822e-05,0.9999708
0,0.9932473,0.0066066794,0.0001459618
1,3.2813616e-06,0.99999285,3.8209214e-06
1,1.1933271e-06,0.9999981,6.820635e-07
1,0.006222796,0.9910892,0.0026880146
1,0.316916,0.6818484,0.0012356067
1,2.79645e-06,0.99999344,3.76623e-06
1,2.187068e-06,0.9999969,9.366163e-07
1,2.8644158e-06,0.99999547,1.6743016e-06
0,0.9999957,2.2716108e-06,2.0136856e-06
0,0.9999845,2.6333219e-06,1.2859912e-05
2,2.8898294e-06,1.5851201e-06,0.9999956
1,3.7330183e-06,0.9999956,6.290031e-07
1,1.3294683e-06,0.99999595,2.703021e-06
0,0.9999957,1.6810795e-06,2.6609641e-06
1,1.7387598e-06,0.9999964,1.8446411e-06
0,0.9999913,6.676473e-06,2.054341e-06
2,2.480724e-06,1.7939185e-06,0.9999957
1,1.6216322e-06,0.99999774,5.8466065e-07
1,2.6142309e-06,0.9999964,9.383109e-07
2,2.931299e-06,1.2097261e-06,0.9999958
1,4.028723e-06,0.9999951,8.782382e-07
1,0.03776182,0.9622307,7.4427458e-06
0,0.99990904,8.9313915e-05,1.7041642e-06
0,0.99999607,1.8938168e-06,2.0376447e-06
0,0.98490983,0.015083181,7.0779515e-06
1,0.0010179123,0.99897987,2.2482125e-06
0,0.9999951,2.7764925e-06,2.1459e-06
1,1.8346456e-06,0.999997,1.1194105e-06
1,9.32949e-05,0.99987984,2.6853586e-05
2,4.240816e-06,1.0607502e-06,0.99999464
1,1.6310487e-06,0.999997,1.3348615e-06
2,3.1884529e-06,9.708581e-07,0.9999958
2,1.7969732e-06,6.3904163e-06,0.9999918
0,0.96078104,0.039170414,4.8566373e-05
0,0.99999404,1.2862298e-06,4.591863e-06
1,7.866289e-06,0.9999912,9.606122e-07
1,1.1759711e-05,0.9999875,8.1605606e-07
1,4.3971586e-06,0.999995,5.845498e-07
2,6.3206758e-06,2.3123632e-06,0.9999914
1,0.00027077773,0.99969983,2.94193e-05
1,2.2275349e-06,0.9999944,3.4052744e-06
0,0.999995,1.7461488e-06,3.1989857e-06
1,1.8809052e-06,0.9999975,5.99021e-07
1,1.6929894e-06,0.99999726,1.1039335e-06
0,0.9993388,0.00031763612,0.00034361955
2,3.9090382e-06,1.0518586e-06,0.999995
1,1.5574236e-06,0.999997,1.4693675e-06
1,0.00014335269,0.95926684,0.040589865
1,3.5553828e-06,0.999995,1.4191447e-06
0,0.9999945,3.986428e-06,1.5808054e-06
0,0.9999919,1.5272401e-06,6.588607e-06
1,2.66233e-06,0.9999968,5.4271686e-07
0,0.99999464,2.3708806e-06,3.0248582e-06
1,2.4927854e-06,0.9999964,1.0648316e-06
2,4.3901923e-06,1.1311542e-06,0.9999945
1,3.1957532e-06,0.99999595,8.281208e-07
2,2.0253929e-06,1.7365423e-06,0.9999962
2,2.3682874e-06,5.3601293e-06,0.99999225
1,2.3933999e-06,0.99983037,0.00016722096
2,6.236999e-06,2.745623e-05,0.9999664
1,2.6764767e-06,0.99999666,6.561771e-07
1,3.7153497e-06,0.999995,1.3479738e-06
1,1.8585295e-06,0.9999976,5.7892026e-07
1,2.1607968e-06,0.99999714,7.243384e-07
1,4.1965386e-06,0.9999951,6.428798e-07
1,1.7296542e-06,0.9999976,6.790077e-07
1,2.8040235e-05,0.9999709,1.0642979e-06
2,2.6174916e-06,8.425047e-07,0.99999654
1,1.1106398e-06,0.999997,1.8394898e-06
0,0.99999356,5.130942e-06,1.3198503e-06
1,4.4126427e-06,0.999995,6.014466e-07
2,3.1250866e-06,9.241273e-07,0.99999595
1,1.9328986e-06,0.99999666,1.3980076e-06
1,2.4650255e-06,0.9999969,5.8283194e-07
0,0.9999943,2.525989e-06,3.2720698e-06
1,1.6253005e-06,0.9999951,3.3025476e-06
1,3.1841125e-06,0.9999964,3.8951498e-07
1,3.3094067e-05,0.9999665,4.408712e-07
1,3.0373847e-06,0.99999607,8.4430116e-07
1,0.0026570812,0.9973111,3.1778116e-05
0,0.99999535,2.6520734e-06,2.032816e-06
1,0.0023947489,0.997598,7.2559315e-06
0,0.99980265,0.00019593767,1.4488281e-06
0,0.9999945,3.01193e-06,2.546797e-06
1,0.083163805,0.9168229,1.3285398e-05
1,3.7024556e-06,0.99999547,8.471526e-07
1,2.8890074e-06,0.9999963,8.2775e-07
1,1.4950361e-05,0.9999808,4.2539255e-06
1,1.1687046e-05,0.9999746,1.3699892e-05
1,0.00074252,0.71971387,0.2795436
1,0.0067581804,0.99320686,3.499515e-05
0,0.9999958,2.3956115e-06,1.8143206e-06
1,3.8498874e-06,0.99999106,5.045835e-06
1,0.0018540057,0.5858906,0.4122554
0,0.9999958,2.0824136e-06,2.11775e-06
0,0.9995499,0.0004459442,4.0085224e-06
1,1.6187802e-06,0.99999785,5.806644e-07
1,1.630554e-06,0.999997,1.3221666e-06
2,1.8746568e-06,2.606673e-06,0.99999547
1,1.8756516e-06,0.9999976,4.83044e-07
1,5.8045953e-06,0.99999356,6.1145454e-07
0,0.9999951,2.2413556e-06,2.609943e-06
1,4.305631e-05,0.99995387,3.1177278e-06
0,0.9999789,1.9867513e-05,1.2202194e-06
1,2.1804371e-05,0.99996114,1.7044002e-05
0,0.9999949,1.4385525e-06,3.733813e-06
2,9.496529e-07,6.394362e-05,0.99993515
1,2.3812472e-06,0.99999654,1.0834761e-06
1,9.075957e-06,0.9992818,0.00070916675
0,0.9962985,0.0036623452,3.917309e-05
0,0.999995,3.1303543e-06,1.8900079e-06
0,0.99998105,1.6400609e-05,2.4985188e-06
2,0.00022606537,0.47194213,0.5278318
1,1.1914763e-05,0.99998665,1.4078676e-06
1,2.0221196e-06,0.9999963,1.7263313e-06
1,3.4446427e-06,0.99999356,3.0376957e-06
1,3.0384467e-06,0.9996743,0.00032266462
0,0.99999547,1.6102891e-06,2.817569e-06
2,7.545946e-06,8.8769485e-07,0.99999166
1,1.6378741e-06,0.99999774,6.8630715e-07
1,3.3647195e-06,0.99999356,3.1116047e-06
1,1.9914287e-06,0.99999726,7.061072e-07
1,5.030866e-06,0.9999945,4.964017e-07
1,2.8692775e-06,0.99999666,4.6939522e-07
2,3.2921262e-06,5.5102987e-06,0.9999912
1,3.8603703e-06,0.99999523,9.18902e-07
1,1.8651829e-06,0.9999968,1.3307582e-06
1,1.1728793e-05,0.9998172,0.00017115794
1,3.041331e-06,0.99999547,1.509873e-06
1,0.00019945709,0.97429365,0.02550684
2,2.563637e-06,1.3131743e-06,0.99999607
1,5.455737e-06,0.99999356,9.3023766e-07
1,0.15401256,0.8459694,1.8021296e-05
1,3.2996184e-06,0.9999956,1.0956531e-06
0,0.9999943,3.975258e-06,1.7987985e-06
2,5.4907337e-06,3.147499e-06,0.9999914
1,6.582079e-05,0.9875502,0.012383949
1,3.0256963e-06,0.9999962,7.681302e-07
1,1.4336503e-06,0.9999974,1.1901485e-06
1,5.0277927e-06,0.9992999,0.00069504575
1,2.5988838e-06,0.99999654,8.2768946e-07
0,0.9999951,1.7007795e-06,3.2570413e-06
1,6.889847e-05,0.9996431,0.00028801677
0,0.9999808,1.3244756e-05,5.9223194e-06
0,0.9999927,4.6776568e-06,2.5989286e-06
0,0.9999937,4.77576e-06,1.569319e-06
1,1.4811518e-06,0.999997,1.4547011e-06
1,2.9220116e-06,0.9999963,7.6301734e-07
1,5.3865597e-06,0.9999938,8.1501435e-07
1,0.000774021,0.9992229,3.1398206e-06
1,0.0066296286,0.9933634,7.0043266e-06
1,1.435541e-06,0.9999974,1.240289e-06
1,2.363263e-06,0.99999714,4.948857e-07
1,3.342927e-05,0.9999659,6.8379484e-07
2,5.9563167e-06,0.014520548,0.98547345
0,0.98733073,0.012656969,1.2265114e-05
1,0.0011634515,0.9988349,1.6620968e-06
0,0.9999318,3.4144623e-06,6.475345e-05
1,3.965614e-06,0.9999944,1.673762e-06
2,5.1600377e-06,9.976552e-07,0.9999939
1,0.00031524277,0.99968207,2.6631246e-06
0,0.9999958,2.2525946e-06,1.950626e-06
1,2.1762595e-05,0.99997735,9.101076e-07
0,0.99999356,3.9098713e-06,2.56074e-06
1,1.6276314e-06,0.99999774,6.445525e-07
1,3.6716365e-06,0.9999956,7.9648834e-07
1,1.428754e-06,0.999998,5.543878e-07
1,1.5854645e-05,0.9999826,1.5115348e-06
2,2.4346243e-06,0.0001918471,0.99980575
1,4.6029018e-06,0.99999475,6.1372845e-07
1,0.0075377845,0.99245596,6.216375e-06
1,3.6684633e-06,0.99999595,3.7794064e-07
1,0.026211224,0.97342503,0.00036375376
0,0.99998796,7.394937e-06,4.667737e-06
1,4.223201e-06,0.999995,7.563525e-07
1,1.957244e-06,0.9999858,1.2251619e-05
1,1.6075369e-06,0.9999957,2.712976e-06
1,3.4565658e-06,0.9999956,9.888278e-07
1,6.223938e-05,0.90371084,0.09622694
1,1.9542413e-06,0.9999926,5.4397665e-06
1,4.80368e-06,0.99999213,3.0909239e-06
1,2.2118538e-06,0.99999654,1.2215332e-06
1,2.0022908e-06,0.99999714,8.003745e-07
1,1.4493162e-06,0.99999726,1.2816641e-06
0,0.99999285,2.336801e-06,4.827164e-06
1,2.0886441e-06,0.9999974,5.3934536e-07
2,2.1788935e-06,1.5848717e-06,0.9999963
2,4.3170135e-06,8.1956864e-07,0.9999949
1,3.146581e-06,0.9999925,4.392227e-06
1,2.9611479e-06,0.9999963,7.239994e-07
1,4.8328988e-05,0.9990658,0.0008858684
1,1.786918e-06,0.9999976,6.5320893e-07
0,0.9999933,1.745217e-06,4.850618e-06
1,2.7208187e-05,0.9999721,6.6751437e-07
2,3.669566e-05,0.49545467,0.5045086
2,2.4136227e-06,1.685398e-06,0.99999595
1,6.6932025e-06,0.9999715,2.1852708e-05
1,6.0600138e-05,0.8901836,0.10975576
2,2.7544834e-06,0.0008020696,0.99919516
2,5.6063504e-06,1.7127503e-06,0.9999927
1,4.2477554e-06,0.9999951,6.11115e-07
1,1.9211936e-06,0.9999975,5.577954e-07
1,2.3997297e-06,0.9999968,8.3410254e-07
1,3.2748867e-06,0.9999927,3.9773217e-06
1,4.5832176e-06,0.9999939,1.4554361e-06
1,4.8217353e-06,0.9999939,1.3144156e-06
1,1.2587204e-06,0.999998,7.784285e-07
1,1.3406932e-06,0.999998,7.346736e-07
1,0.088326484,0.89497894,0.016694611
0,0.9999709,2.6112628e-05,2.9720072e-06
0,0.9999939,1.4436072e-06,4.708158e-06
1,0.27582905,0.56232804,0.16184293
0,0.99999535,2.6484793e-06,2.0781195e-06
0,0.9963881,0.0036098245,2.17022e-06
2,0.0010630768,2.855659e-06,0.9989341
1,2.7774648e-05,0.9999709,1.2849445e-06
0,0.9999846,1.3896431e-06,1.3928094e-05
1,2.4400539e-05,0.9999747,9.009745e-07
1,0.18754204,0.812432,2.5997186e-05
1,2.4816898e-06,0.99999475,2.8092147e-06
1,2.0987106e-06,0.999997,9.0530636e-07
1,1.8607774e-06,0.99999714,9.543467e-07
2,6.1554883e-06,2.7992558e-06,0.99999106
0,0.98600096,0.013994086,4.919024e-06
1,7.5167395e-06,0.99783355,0.0021588905
1,1.5001509e-06,0.99999774,8.1937566e-07
1,3.175169e-06,0.99999607,7.2436114e-07
1,4.417317e-06,0.9999951,5.28705e-07
1,1.6170138e-06,0.99999714,1.2606534e-06
0,0.999995,2.679345e-06,2.3477826e-06
0,0.9999831,1.3738814e-05,3.2190414e-06
0,0.9999938,2.4024728e-06,3.853196e-06
1,1.8612379e-06,0.9999976,4.912314e-07
1,2.1290566e-06,0.99999726,6.606634e-07
1,3.9910874e-06,0.99999547,4.879308e-07
1,1.6432483e-06,0.99999774,6.7176046e-07
0,0.99999285,5.6580925e-06,1.5314873e-06
2,1.1205035e-06,0.00015983949,0.99983907
1,0.00012944553,0.999858,1.2559476e-05
1,9.079519e-06,0.99941754,0.000573378
1,1.6425582e-06,0.9999964,1.9205945e-06
1,2.1075675e-06,0.9999969,1.0103331e-06
0,0.87710834,0.12285839,3.3232274e-05
1,2.4219905e-06,0.9999969,6.452309e-07
0,0.9999958,1.949302e-06,2.2699414e-06
0,0.99849427,0.0015026341,3.1420075e-06
1,2.5362303e-06,0.9999969,5.7442674e-07
2,0.00040892194,0.00013318322,0.9994579
0,0.99997866,1.9908419e-05,1.4521004e-06
0,0.89517164,0.10479926,2.9032823e-05
2,4.6830955e-06,1.0750303e-05,0.9999846
1,1.0386782e-06,0.99999774,1.2010446e-06
1,0.0015855998,0.99841154,2.8280595e-06
1,2.2787187e-06,0.9999908,6.887871e-06
1,1.5655186e-06,0.9999951,3.322564e-06
1,2.667349e-06,0.99999666,6.3902246e-07
0,0.99998724,9.781271e-06,2.930128e-06
1,8.469188e-06,0.95153534,0.04845622
1,1.1714402e-06,0.9999938,5.0006456e-06
2,2.6646258e-06,2.7898232e-06,0.99999464
1,0.00034941797,0.99964726,3.2744701e-06
0,0.9999002,9.8614306e-05,1.2370559e-06
2,3.9950132e-06,0.00019795034,0.999798
1,1.82326e-06,0.9999975,6.5382335e-07
2,4.778564e-06,1.054473e-06,0.99999416
1,2.7563508e-06,0.99999654,6.687732e-07
2,2.7449987e-06,7.892688e-06,0.9999894
1,2.8014508e-06,0.9999585,3.8637296e-05
1,0.00037857177,0.9801502,0.019471243
1,0.00032901228,0.9996686,2.393063e-06
2,3.2340588e-06,1.9031189e-06,0.9999949
0,0.99999523,1.5849337e-06,3.2092748e-06
2,6.2548543e-06,1.18534e-06,0.9999926
1,9.5230206e-07,0.99999726,1.8028364e-06
0,0.9999902,1.6061413e-06,8.191503e-06
0,0.9997154,0.0002748086,9.793273e-06
2,2.271911e-06,1.6068602e-06,0.9999962
1,2.6373616e-05,0.9995993,0.00037438417
1,2.9164269e-06,0.9999944,2.7046362e-06
1,1.46224065e-05,0.9999685,1.6877268e-05
1,3.0072263e-06,0.9999536,4.3350276e-05
2,2.4400777e-06,1.1963241e-06,0.9999964
1,9.346417e-07,0.9999864,1.2643235e-05
0,0.99998796,4.099042e-06,8.0247555e-06
1,5.2460346e-06,0.9999933,1.3722947e-06
1,1.6039061e-06,0.9999975,8.876746e-07
1,1.546941e-06,0.9999956,2.8798838e-06
2,0.049593177,0.35357824,0.59682864
1,5.6038323e-05,0.9983151,0.0016288592
0,0.9999794,1.922309e-05,1.4366766e-06
1,0.058987234,0.9409877,2.5072612e-05
0,0.9995901,0.00029907946,0.00011084783
0,0.99999535,1.6151769e-06,2.9376163e-06
1,2.6911093e-05,0.97442347,0.025549665
1,2.516724e-06,0.9999951,2.4115132e-06
1,2.425641e-06,0.9999924,5.233322e-06
0,0.77916527,0.2208227,1.2017706e-05
1,3.9263796e-05,0.9936807,0.0062799496
1,2.123678e-06,0.9999969,1.0305197e-06
2,4.7258823e-06,6.0281004e-06,0.99998915
1,1.2546185e-06,0.99999547,3.2372332e-06
0,0.99999225,4.1777944e-06,3.5927058e-06
0,0.99999475,2.2337304e-06,2.9443038e-06
0,0.9999943,1.2308692e-06,4.4865806e-06
2,5.245449e-06,8.83182e-05,0.9999064
0,0.99999595,1.7399817e-06,2.281233e-06
1,2.5846637e-06,0.99999154,5.8526766e-06
1,0.00010049553,0.9998067,9.276846e-05
1,2.2060685e-06,0.99999726,5.7299013e-07
1,3.77277e-06,0.9999956,6.6748294e-07
2,5.4606617e-06,9.1560787e-07,0.99999356
1,8.039507e-05,0.9998318,8.780338e-05
1,3.8245882e-05,0.6469446,0.35301718
0,0.99999416,3.594601e-06,2.2388988e-06
1,4.15582e-05,0.9986614,0.0012969796
1,0.033622183,0.9632991,0.0030787417
1,1.2188572e-06,0.9999778,2.0975009e-05
0,0.999995,2.0197042e-06,2.998936e-06
1,5.172385e-06,0.9999939,9.4791073e-07
2,3.3608262e-06,1.1895811e-06,0.99999547
2,3.1994812e-06,1.4661792e-06,0.99999535
1,9.902082e-07,0.9999982,7.767202e-07
1,0.00014247723,0.966005,0.033852465
0,0.9999838,3.660018e-06,1.2477743e-05
2,1.0650496e-06,4.802228e-06,0.99999416
2,5.987764e-06,1.1136921e-06,0.99999297
0,0.97554445,0.024446875,8.680241e-06
1,2.3838745e-06,0.9999968,8.5939223e-07
0,0.8157935,0.18414296,6.35177e-05
2,7.9733705e-05,0.0034093494,0.9965109
1,0.07064173,0.76371896,0.16563931
1,2.7691717e-06,0.99999666,5.2685607e-07
1,2.9829414e-06,0.99999547,1.5806803e-06
2,6.6757257e-06,1.4466486e-06,0.9999919
1,0.0003486394,0.7146358,0.28501552
1,2.6149464e-05,0.99997294,8.6523676e-07
2,1.0947862e-05,0.012914028,0.98707503
1,2.2716854e-06,0.999997,6.5150704e-07
1,1.4777979e-06,0.99999785,6.442957e-07
0,0.9999448,5.048911e-05,4.6221585e-06
0,0.9997775,8.39576e-06,0.00021419923
0,0.9992387,0.0007574857,3.82067e-06
1,7.5367207e-06,0.9999882,4.2818215e-06
1,5.012674e-06,0.99999404,9.382622e-07
1,0.0016129337,0.9983181,6.899745e-05
1,8.868518e-06,0.9999795,1.1658983e-05
1,1.1881336e-05,0.99998665,1.4298581e-06
1,4.285329e-06,0.9999944,1.3579833e-06
1,5.4279794e-06,0.9999931,1.5369408e-06
1,0.0023120383,0.9975236,0.00016431208
1,1.0761676e-05,0.99963546,0.00035376346
1,5.293361e-06,0.99999356,1.1208231e-06
2,1.6694654e-05,2.8312772e-06,0.99998045
2,3.3178935e-06,1.5320312e-06,0.9999951
1,6.757367e-06,0.97247136,0.027521845
0,0.99999547,1.5680878e-06,3.0015842e-06
0,0.9999945,1.8786515e-06,3.6242532e-06
2,5.918542e-06,3.6970418e-06,0.99999034
1,1.2254776e-06,0.999998,8.5439365e-07
1,1.0389506e-06,0.99998903,9.950169e-06
0,0.9999943,3.4966256e-06,2.2545466e-06
2,2.7764898e-05,0.000112118556,0.99986005
1,0.00019397416,0.99980277,3.3257504e-06
1,4.0700033e-06,0.9999956,3.8001542e-07
1,1.8561297e-05,0.9999801,1.3830817e-06
2,4.8169027e-06,1.51316735e-05,0.9999801
1,1.1839459e-05,0.9999864,1.7806512e-06
2,3.0181861e-06,5.626279e-06,0.9999914
0,0.99999475,2.7177875e-06,2.4877297e-06
1,4.9155747e-06,0.99998343,1.1709004e-05
1,3.3645617e-06,0.9999944,2.2812667e-06
0,0.99995136,3.9438088e-05,9.231906e-06
1,0.36611345,0.62418306,0.0097035775
1,2.0564074e-05,0.9999584,2.0982743e-05
2,3.0456447e-06,3.1172815e-06,0.9999938
0,0.99998486,1.3486758e-05,1.7233803e-06
1,4.314824e-06,0.9999949,7.966473e-07
1,9.037403e-07,0.9999956,3.4653885e-06
0,0.9999938,5.126282e-06,1.0655998e-06
1,1.7634156e-06,0.99999774,5.10799e-07
0,0.9437136,0.05619404,9.2325135e-05
0,0.99998415,3.4314169e-06,1.2442954e-05
1,8.515341e-06,0.9969528,0.003038686
1,2.7242593e-05,0.99996555,7.2649295e-06
1,2.919898e-06,0.99998987,7.187433e-06
1,0.00032545242,0.9639261,0.035748493
1,1.7934806e-06,0.9999975,7.619595e-07
1,2.0724049e-06,0.9999968,1.1095746e-06
1,1.866394e-06,0.9999974,7.629294e-07
2,2.1642284e-06,1.1314943e-05,0.9999865
0,0.9999938,2.0416626e-06,4.1654284e-06
1,1.2235204e-06,0.9999969,1.832512e-06
1,1.0543167e-05,0.99998844,1.0761171e-06
1,4.0292067e-05,0.9999268,3.2951448e-05
1,0.00034647615,0.6225299,0.37712356
1,0.095771566,0.9042201,8.3885025e-06
2,0.00010066728,0.114271194,0.88562804
2,4.378315e-06,9.512215e-05,0.99990046
1,0.4159916,0.58397305,3.534764e-05
2,2.644236e-06,1.3493515e-06,0.99999607
2,0.0027059587,1.536068e-05,0.99727875
1,1.8259536e-06,0.9999974,8.2619414e-07
1,2.6321418e-06,0.9999951,2.3040595e-06
1,1.8820956e-05,0.9999802,9.3624703e-07
2,1.8763219e-06,1.8029582e-06,0.9999963
0,0.99999475,1.6513891e-06,3.5193332e-06
0,0.9999745,2.4232775e-05,1.2950765e-06
0,0.97535294,0.024541471,0.00010562163
1,2.3720668e-06,0.99999714,4.4568117e-07
1,6.585226e-06,0.99998975,3.6086676e-06
1,3.3418357e-06,0.9999956,1.0747822e-06
1,0.00024474727,0.99975234,2.8515158e-06
2,0.075398296,0.03117815,0.8934236
1,3.388357e-06,0.99999607,4.90058e-07
2,7.3354554e-06,2.4116713e-05,0.9999685
1,3.0396495e-06,0.99999654,4.4921072e-07
0,0.9999957,2.2459917e-06,2.0492039e-06
1,1.28309775e-05,0.9999865,5.997621e-07
0,0.99999166,2.8853128e-06,5.505784e-06
2,0.0015837571,7.2879648e-06,0.998409
1,3.1856193e-06,0.9999956,1.2221379e-06
2,4.069725e-06,9.3072e-07,0.999995
1,2.090018e-06,0.99995303,4.4840155e-05
1,3.5019007e-06,0.9999958,7.020961e-07
2,6.118749e-06,1.3027504e-06,0.9999926
1,5.315048e-06,0.9999938,9.3774133e-07
2,2.4961712e-06,1.615112e-05,0.9999814
1,3.638518e-06,0.9999945,1.8923082e-06
1,1.8727721e-06,0.99999666,1.4620928e-06
0,0.9999925,6.236044e-06,1.265847e-06
1,1.3679153e-05,0.9999856,7.786193e-07
1,3.0356448e-06,0.99999523,1.7457297e-06
2,2.724647e-06,1.4887477e-06,0.9999958
1,1.0019658e-05,0.99998844,1.5586879e-06
1,3.0519207e-06,0.9999962,7.562539e-07
1,2.2268152e-06,0.99999547,2.3370587e-06
1,3.6788258e-06,0.9999957,5.960362e-07
1,2.5724594e-06,0.99999344,4.01288e-06
1,2.7441781e-06,0.99999654,6.622766e-07
0,0.99997354,9.421087e-06,1.7062786e-05
2,2.4527083e-06,1.1959133e-06,0.9999963
1,2.3202335e-06,0.999997,6.237467e-07
1,1.3910166e-06,0.99999785,7.6316843e-07
0,0.99994755,5.141661e-05,1.0192252e-06
1,3.548442e-06,0.99999595,5.0686117e-07
2,3.8228527e-06,5.3859217e-06,0.9999908
1,2.5456222e-06,0.99999666,7.629405e-07
2,2.232048e-06,2.1439964e-06,0.9999956
0,0.9999962,2.415698e-06,1.4726351e-06
0,0.96409476,0.035716265,0.00018895941
1,2.981709e-06,0.99999523,1.8368833e-06
1,2.1915412e-06,0.99999726,6.009365e-07
1,1.2080998e-05,0.99998724,6.24459e-07
1,1.0908798e-06,0.99999714,1.8251976e-06
1,6.1323175e-05,0.9996705,0.0002682287
1,7.140943e-06,0.9999924,5.2343825e-07
1,2.4089268e-06,0.9999957,1.8966574e-06
1,0.0008411542,0.69869,0.30046883
1,2.5688494e-06,0.9999968,6.453108e-07
0,0.99836487,0.001629304,5.8442483e-06
2,7.9624415e-06,2.2388185e-06,0.99998975
1,3.7730297e-06,0.9999957,4.8094984e-07
1,8.370727e-06,0.9999889,2.7106173e-06
0,0.99999535,2.9248301e-06,1.7085947e-06
1,3.4525617e-06,0.9999962,4.0268816e-07
0,0.99998593,3.5376313e-06,1.0508498e-05
1,3.1255797e-06,0.9999963,6.233698e-07
0,0.99999595,1.695985e-06,2.3340974e-06
2,5.961312e-06,1.5915027e-06,0.9999925
0,0.9999956,1.978349e-06,2.4275835e-06
1,0.011385734,0.98712003,0.0014942049
1,2.4719748e-06,0.9999969,5.68635e-07
1,7.15252e-06,0.9999919,9.1919344e-07
2,6.678945e-05,2.2733125e-06,0.999931
0,0.99999213,5.5756727e-06,2.2611912e-06
1,2.497143e-06,0.9999968,7.001844e-07
0,0.9999958,2.0671048e-06,2.1889814e-06
2,2.0246955e-06,7.659792e-06,0.99999034
1,0.3401356,0.65984035,2.4096636e-05
2,2.2208886e-05,1.5769459e-06,0.9999763
1,4.126027e-06,0.9999949,9.565368e-07
1,0.00022056434,0.99337304,0.0064063985
2,2.7013587e-06,1.1855345e-05,0.99998546
1,3.4047991e-06,0.99999595,6.95e-07
0,0.99998164,1.6912774e-05,1.4810868e-06
1,4.640676e-06,0.9999949,4.902772e-07
0,0.99998295,1.600064e-05,1.0770946e-06
1,2.791678e-06,0.9999964,7.801441e-07
1,1.368755e-06,0.99999785,7.66686e-07
1,2.8484876e-06,0.9999963,8.455551e-07
1,2.151327e-06,0.99999094,6.952687e-06
1,5.2370113e-05,0.999617,0.00033066655
1,1.9119518e-06,0.99999535,2.7812475e-06
1,8.347325e-05,0.99991333,3.2203493e-06
1,8.52304e-07,0.9999963,2.8519694e-06
1,5.376385e-06,0.9999895,5.083875e-06
1,1.1947576e-05,0.99998736,7.4444034e-07
0,0.99999535,1.7856805e-06,2.8621298e-06
1,3.7939458e-06,0.9999956,6.1415403e-07
0,0.9999951,2.9504045e-06,1.9423196e-06
0,0.9999957,2.6632972e-06,1.6960265e-06
2,5.1944906e-05,0.00030563568,0.9996424
1,4.600905e-06,0.99999475,6.4800946e-07
2,1.946985e-06,5.104028e-06,0.99999297
1,0.0001640304,0.9998332,2.766307e-06
1,2.6231428e-06,0.99999404,3.3585275e-06
1,1.3977525e-06,0.99997544,2.3212537e-05
1,0.023147648,0.9766331,0.00021933665
1,0.026318988,0.9716349,0.002046074
1,1.7396054e-06,0.9999943,3.995371e-06
1,5.735576e-06,0.9999938,4.6082448e-07
2,7.274178e-07,4.5673973e-05,0.9999536
0,0.99999416,1.6330378e-06,4.1240532e-06
1,5.1794796e-06,0.9999933,1.4619443e-06
1,1.4331127e-06,0.99999714,1.4254455e-06
1,4.1931135e-06,0.9999634,3.2432214e-05
2,1.8379089e-06,1.6824122e-06,0.99999654
1,2.9108085e-06,0.9999963,8.082113e-07
1,2.3710703e-05,0.87743974,0.122536615
1,3.0982203e-06,0.9999963,5.5627225e-07
1,6.0693546e-05,0.8571195,0.14281976
2,1.7262115e-06,6.557833e-06,0.9999918
1,2.121073e-06,0.9999969,9.517379e-07
0,0.9992656,0.000729265,5.0898348e-06
2,3.6314752e-06,1.6028436e-06,0.9999949
2,9.084534e-07,1.6510736e-05,0.9999825
2,4.5442146e-05,6.473956e-05,0.99988985
1,1.6583683e-06,0.9999969,1.4553905e-06
1,0.0038302054,0.99610436,6.548179e-05
0,0.99998736,1.1417974e-05,1.2354566e-06
0,0.99997485,2.2028375e-05,3.1080795e-06
2,4.649111e-06,0.00035508862,0.9996402
1,2.368667e-06,0.99999714,4.469321e-07
1,3.29787e-05,0.99993896,2.8067723e-05
1,4.625953e-06,0.9999939,1.4129216e-06
1,1.9553447e-06,0.9999974,6.858842e-07
1,7.994972e-06,0.9999889,3.0629174e-06
2,0.0020291444,6.8765657e-06,0.997964
0,0.9999938,4.6053915e-06,1.49459e-06
2,2.7234917e-06,1.2207058e-06,0.99999607
1,1.4898262e-06,0.99999714,1.321166e-06
1,2.3744694e-06,0.99999666,9.073407e-07
1,3.1717836e-06,0.9999956,1.2538817e-06
1,1.1560481e-06,0.99999285,6.019494e-06
1,0.024103958,0.97587943,1.6562528e-05
0,0.92166907,0.078281745,4.9261267e-05
1,2.9998935e-06,0.9999957,1.2419949e-06
2,2.5055015e-06,1.6529664e-06,0.9999958
1,2.5369898e-06,0.9999968,7.1444526e-07
1,1.8572267e-06,0.9999974,7.296702e-07
1,1.0680004e-06,0.99999726,1.6169214e-06
2,1.8331408e-06,1.5343658e-06,0.99999666
1,4.381422e-06,0.99999464,9.2356134e-07
2,2.400836e-06,1.5840795e-06,0.99999607
1,0.00014068703,0.99106044,0.008798887
2,2.5710883e-06,1.0181946e-06,0.9999963
1,1.8054792e-06,0.9999974,8.0543685e-07
2,2.0417681e-05,5.275616e-06,0.99997437
0,0.9999908,5.929952e-06,3.2435344e-06
1,2.420005e-06,0.999995,2.5582124e-06
1,8.612342e-07,0.99998057,1.8528694e-05
1,4.8668144e-06,0.99999464,5.488696e-07
2,2.7597803e-06,1.9325862e-06,0.99999535
0,0.9999355,2.979918e-05,3.4691628e-05
0,0.99999154,7.64395e-06,8.2834464e-07
0,0.99999344,3.521813e-06,2.9875303e-06
1,1.9353636e-06,0.999997,1.0783483e-06
2,2.458467e-06,1.2194145e-06,0.9999963
1,3.0767362e-06,0.9999958,1.1002534e-06
1,1.5845884e-06,0.99999774,7.202904e-07
1,0.0007422491,0.99925655,1.1474114e-06
2,1.928964e-06,1.9987208e-06,0.99999607
2,2.3572715e-05,0.27982867,0.7201477
1,9.3327355e-07,0.99999785,1.1836294e-06
2,1.4173652e-05,2.9994295e-05,0.9999558
0,0.9817945,0.0005891556,0.017616358
0,0.99999523,1.9689674e-06,2.7956285e-06
1,2.3335244e-06,0.9999964,1.2625992e-06
2,1.04296005e-05,1.5647593e-05,0.999974
1,0.007956178,0.99189574,0.00014811428
0,0.99997485,6.4774854e-06,1.871097e-05
2,0.0003931277,5.1813517e-05,0.99955505
0,0.99927586,0.0007155771,8.607475e-06
2,2.513763e-06,2.7614817e-06,0.99999475
1,7.660744e-06,0.9796434,0.020348892
1,1.2307551e-06,0.99999785,9.50333e-07
1,1.4675611e-06,0.9999913,7.21188e-06
1,5.3049e-06,0.9999938,8.9275335e-07
1,3.7029995e-06,0.9999907,5.6469275e-06
1,2.0195416e-06,0.9999975,5.0213583e-07
1,1.6916619e-06,0.9999833,1.4944939e-05
1,3.9910497e-06,0.9999956,4.4861733e-07
1,6.60994e-05,0.99993086,3.02661e-06
2,7.713383e-06,3.7277703e-05,0.99995494
1,1.5991336e-06,0.99999785,5.5280395e-07
1,1.9388826e-05,0.9999802,3.7746426e-07
2,2.4815463e-06,3.4808665e-05,0.9999627
0,0.96048963,0.039499715,1.0683092e-05
0,0.9999958,2.228849e-06,1.9510092e-06
2,1.2993285e-06,8.909597e-06,0.99998975
1,2.1650053e-06,0.9999974,5.124025e-07
1,4.2026227e-06,0.99999523,5.1460165e-07
2,2.7405451e-06,2.7884266e-06,0.9999945
1,2.498551e-06,0.9999778,1.9632545e-05
1,2.5625113e-06,0.99999654,8.554181e-07
0,0.8831129,0.10710116,0.009785978
1,2.2112645e-06,0.999997,7.595157e-07
1,2.4665235e-06,0.9999969,5.991749e-07
1,1.3319587e-06,0.9999964,2.297331e-06
1,0.24665159,0.7483742,0.0049741836
1,0.0075590406,0.9924339,7.087245e-06
1,1.3039291e-06,0.99999666,1.9766064e-06
1,1.1493329e-05,0.999984,4.497703e-06
2,0.000106446765,9.293881e-06,0.99988425
1,1.0410481e-05,0.99998546,4.0905347e-06
0,0.99999404,1.9777797e-06,3.8792464e-06
1,1.8453886e-06,0.99999726,8.496842e-07
1,4.121206e-06,0.9999902,5.676936e-06
1,4.776994e-06,0.99999464,5.296227e-07
1,2.7629249e-05,0.99997115,1.2457474e-06
1,7.585655e-06,0.9999902,2.2402357e-06
1,2.556459e-06,0.999997,3.929568e-07
0,0.68040717,0.31957927,1.3537609e-05
2,1.559268e-06,0.00041331543,0.9995851
1,2.2372187e-06,0.99998164,1.6109834e-05
1,1.8082542e-06,0.99999774,4.774201e-07
1,1.5891206e-06,0.99999475,3.6622891e-06
1,1.5966767e-06,0.9999976,7.8557196e-07
1,1.5665094e-06,0.9999974,1.0497596e-06
0,0.9857395,0.014249199,1.1225523e-05
1,3.3583096e-05,0.8320319,0.1679345
1,5.4427187e-06,0.99988866,0.00010585764
1,6.321009e-05,0.9999331,3.6364872e-06
2,0.022917947,0.004577652,0.9725044
1,1.3227324e-06,0.9999976,1.060541e-06
2,1.450755e-06,1.8962877e-05,0.9999796
1,6.3677307e-06,0.9999927,8.6812446e-07
0,0.9998247,0.00017017663,5.116341e-06
1,3.431321e-06,0.9999944,2.1756002e-06
0,0.99959856,0.00017799149,0.0002234179
1,0.012563171,0.98743004,6.8185636e-06
1,1.780066e-06,0.99944896,0.0005492298
0,0.9999858,1.2946744e-05,1.1567557e-06
1,9.226708e-06,0.99998987,9.540522e-07
1,3.0844005e-06,0.99987936,0.000117567084
1,1.7242306e-06,0.9999975,7.7323267e-07
0,0.99999464,1.2416608e-06,4.1177236e-06
1,2.9826201e-06,0.99999654,4.44894e-07
1,3.92413e-06,0.99999547,6.0158277e-07
1,1.5129501e-06,0.9999944,4.051669e-06
2,3.916957e-06,9.3204443e-07,0.9999951
2,3.9293714e-06,9.3911535e-07,0.9999951
1,1.2593015e-06,0.999998,7.9183553e-07
2,2.335342e-06,1.7618859e-06,0.9999958
2,6.265584e-06,1.8876817e-06,0.9999918
1,2.3850039e-06,0.9999964,1.13251e-06
1,3.9827177e-05,0.99995553,4.614192e-06
1,3.6126066e-06,0.99999547,9.5464e-07
0,0.99999285,4.7298586e-06,2.3740754e-06
1,3.6017677e-06,0.9999956,8.595912e-07
1,3.677263e-06,0.99999523,1.0648953e-06
2,2.8484671e-06,4.13643e-05,0.9999558
1,2.210152e-06,0.9999964,1.3074977e-06
1,2.2251886e-06,0.9999943,3.5465348e-06
1,2.1579021e-06,0.9999974,5.098273e-07
1,1.8913504e-06,0.9999975,6.607001e-07
1,1.8369892e-06,0.99999666,1.4759343e-06
1,1.1793041e-05,0.9999758,1.2451231e-05
2,1.7967122e-06,2.8028687e-06,0.99999535
1,1.5689658e-06,0.9999975,9.099984e-07
1,2.6994983e-06,0.9999964,9.064124e-07
2,3.9353904e-06,7.330774e-05,0.99992275
2,3.2581602e-06,2.5400216e-06,0.9999943
0,0.9999958,2.2878933e-06,1.8546681e-06
0,0.9999893,8.791017e-06,1.9612044e-06
1,1.6471686e-06,0.9999974,9.685162e-07
0,0.59012985,0.0005163189,0.40935382
0,0.9999949,2.6152743e-06,2.5014238e-06
1,1.1425171e-06,0.9999933,5.503027e-06
0,0.9999957,2.2861198e-06,1.985971e-06
0,0.9999826,1.2664389e-05,4.798039e-06
1,1.9568354e-06,0.9997732,0.00022485951
1,2.7602596e-06,0.9999964,8.453375e-07
0,0.99999547,1.7917879e-06,2.7328615e-06
1,1.4678417e-06,0.9999975,1.0938763e-06
1,9.090634e-06,0.9999218,6.9142894e-05
1,9.3843573e-07,0.99999213,6.9308294e-06
1,0.00012845706,0.99987054,9.2985715e-07
1,6.1347305e-06,0.99999094,2.8853933e-06
2,7.862834e-06,4.398632e-06,0.9999877
2,2.2992922e-06,4.382933e-06,0.9999933
2,2.39865e-06,1.7327036e-06,0.9999958
0,0.99997663,1.3090263e-06,2.201386e-05
1,5.806286e-06,0.99999297,1.2501305e-06
0,0.9268121,0.061676867,0.011511056
2,0.00050824916,0.06226522,0.9372266
0,0.9999951,2.8578145e-06,1.993104e-06
1,1.2474891e-06,0.999995,3.7425123e-06
2,1.421204e-05,1.3328769e-06,0.9999845
0,0.9996069,0.00038728295,5.827616e-06
2,9.7375605e-06,1.4695979e-06,0.9999888
0,0.99999464,3.1180152e-06,2.3200641e-06
1,9.845195e-06,0.9999877,2.4392e-06
0,0.9999862,1.8633212e-06,1.1924726e-05
2,3.7679034e-05,0.048917778,0.9510446
1,2.2446536e-06,0.9999949,2.8937156e-06
1,1.6705508e-06,0.9999976,7.433129e-07
0,0.9999914,3.5348144e-06,4.9644254e-06
2,5.9242e-06,8.0718746e-07,0.9999932
0,0.9999958,2.428107e-06,1.7536868e-06
1,2.067084e-06,0.99999714,7.5372805e-07
2,3.109962e-06,0.00012691416,0.99986994
1,1.31563e-06,0.9999981,6.424036e-07
2,4.3646523e-06,0.0046099084,0.9953857
1,0.0028680966,0.9971295,2.3774155e-06
1,3.6225194e-06,0.9999919,4.50961e-06
1,2.2864865e-06,0.9999968,8.7389856e-07
2,3.0491972e-06,8.8506476e-07,0.99999607
1,1.4471264e-06,0.99999774,8.5743807e-07
1,5.02621e-06,0.9999155,7.945781e-05
0,0.8240287,0.033161376,0.14280991
